200;100;426
0;67;50
1;67;10
1;68;100
2;67;50
2;69;50
3;68;10
3;70;100
4;68;70
4;71;50
5;68;50
5;72;50
6;69;70
6;73;100
7;69;10
7;74;10
8;65;50
8;69;100
8;75;100
9;63;100
9;70;10
9;76;50
10;61;70
10;70;70
10;77;50
11;59;50
11;70;50
11;78;100
12;57;50
12;70;70
12;79;70
13;55;70
13;71;50
13;80;50
14;53;70
14;71;10
14;81;70
15;51;100
15;71;70
15;82;10
16;49;50
16;71;10
16;83;10
17;47;100
17;72;100
17;84;10
18;45;100
18;72;100
18;85;10
19;43;70
19;72;10
19;86;100
20;41;10
20;72;70
20;87;70
21;39;100
21;73;70
21;88;10
22;37;100
22;73;50
22;89;70
23;35;10
23;73;50
23;90;100
24;33;70
24;73;50
24;91;50
25;31;10
25;66;70
25;74;10
25;92;100
26;29;70
26;66;50
26;74;100
26;93;70
27;27;50
27;66;70
27;74;50
27;94;70
28;25;10
28;66;100
28;74;50
28;95;50
29;23;10
29;64;70
29;75;70
29;96;10
30;21;50
30;64;70
30;75;50
30;97;100
31;19;100
31;64;100
31;65;10
31;75;50
31;98;50
32;17;70
32;64;100
32;75;70
32;99;100
33;15;50
33;62;100
33;76;50
34;13;10
34;62;70
34;76;50
35;11;70
35;62;70
35;76;70
36;9;50
36;62;100
36;63;50
36;76;100
37;7;100
37;62;50
37;76;10
38;5;70
38;60;70
38;77;70
39;3;100
39;60;100
39;77;10
40;1;70
40;60;70
40;77;70
41;60;10
41;61;50
41;77;70
42;60;70
42;77;50
43;58;10
43;78;50
44;58;100
44;78;10
45;58;50
45;78;100
46;58;70
46;59;10
46;78;10
47;58;100
47;78;70
48;56;50
48;79;10
49;56;50
49;79;100
50;56;50
50;79;70
51;56;70
51;57;70
51;79;10
52;56;10
52;79;10
53;54;50
53;80;100
54;54;100
54;80;10
55;54;10
55;80;50
56;54;100
56;55;50
56;80;100
57;54;10
57;80;100
58;52;100
58;81;10
59;52;70
59;81;50
60;52;50
60;81;50
61;52;100
61;53;100
61;81;70
62;52;10
62;81;50
63;50;50
63;82;10
64;50;10
64;82;70
65;50;10
65;82;10
66;50;70
66;51;50
66;82;50
67;50;100
67;82;50
68;48;10
68;83;10
69;48;10
69;83;100
70;48;50
70;83;100
71;48;100
71;49;70
71;83;10
72;48;10
72;83;100
73;46;50
73;84;10
74;46;100
74;84;70
75;46;10
75;84;50
76;46;100
76;47;70
76;84;100
77;46;70
77;84;70
78;44;50
78;85;100
79;44;50
79;85;100
80;44;50
80;85;100
81;44;100
81;45;10
81;85;70
82;44;10
82;85;10
83;42;70
83;86;70
84;42;70
84;86;10
85;42;100
85;86;100
86;42;50
86;43;10
86;86;10
87;42;100
87;86;100
88;40;50
88;87;10
89;40;10
89;87;10
90;40;100
90;87;10
91;40;70
91;41;50
91;87;70
92;40;70
92;87;100
93;38;10
93;88;10
94;38;10
94;88;50
95;38;70
95;88;70
96;38;10
96;39;50
96;88;10
97;38;100
97;88;100
98;36;70
98;89;70
99;36;100
99;89;50
100;36;10
100;89;100
101;36;10
101;37;100
101;89;100
102;36;50
102;89;10
103;34;70
103;90;10
104;34;70
104;90;10
105;34;100
105;90;10
106;34;50
106;35;70
106;90;50
107;34;100
107;90;10
108;32;10
108;91;10
109;32;50
109;91;10
110;32;70
110;91;10
111;32;10
111;33;70
111;91;100
112;32;100
112;91;50
113;30;70
113;92;10
114;30;10
114;92;70
115;30;10
115;92;10
116;30;100
116;31;100
116;92;100
117;30;50
117;92;100
118;28;70
118;93;50
119;28;50
119;93;100
120;28;50
120;93;10
121;28;10
121;29;100
121;93;50
122;28;10
122;93;50
123;26;50
123;94;10
124;26;70
124;94;100
125;26;70
125;94;50
126;26;10
126;27;50
126;94;10
127;26;50
127;94;70
128;24;10
128;95;100
129;24;10
129;95;100
130;24;10
130;95;50
131;24;10
131;25;70
131;95;70
132;24;10
132;95;70
133;22;100
133;96;10
134;22;70
134;96;10
135;22;50
135;96;100
136;22;10
136;23;10
136;96;50
137;22;100
137;96;70
138;20;50
138;97;10
139;20;50
139;97;70
140;20;70
140;97;10
141;20;50
141;21;100
141;97;10
142;20;100
142;97;10
143;18;10
143;98;70
144;18;10
144;98;100
145;18;100
145;98;50
146;18;50
146;19;70
146;98;50
147;18;10
147;98;10
148;16;100
148;99;70
149;16;100
149;99;10
150;16;10
150;99;50
151;16;10
151;17;50
151;99;10
152;16;10
152;99;100
153;14;50
154;14;50
155;14;100
156;14;50
157;14;10
157;15;70
158;14;70
159;12;70
160;12;50
161;12;50
162;12;70
163;12;10
163;13;10
164;12;70
165;10;70
166;10;70
167;10;100
168;10;70
169;10;50
169;11;70
170;10;70
171;8;50
172;8;50
173;8;70
174;8;50
175;8;70
175;9;10
176;8;10
177;6;70
178;6;10
179;6;10
180;6;50
181;6;100
181;7;70
182;6;50
183;4;100
184;4;100
185;4;50
186;4;100
187;4;50
187;5;70
188;4;10
189;2;100
190;2;50
191;2;70
192;2;10
193;2;70
193;3;100
194;2;10
195;0;10
196;0;100
197;0;10
198;0;70
198;1;10
199;0;50
0;0;10
0;1;20
0;2;30
0;3;40
0;4;50
0;5;60
0;6;70
0;7;80
1;0;10
1;1;10
1;2;10
1;3;10
1;4;10
1;5;10
1;6;10
1;7;10
2;0;10
2;1;20
2;2;30
2;3;40
2;4;50
2;5;60
2;6;70
2;7;80
3;0;80
3;1;70
3;2;60
3;3;50
3;4;40
3;5;30
3;6;20
3;7;10
4;0;10
4;1;20
4;2;30
4;3;40
4;4;50
4;5;60
4;6;70
4;7;80
5;0;10
5;1;20
5;2;30
5;3;40
5;4;50
5;5;60
5;6;70
5;7;80
6;0;80
6;1;70
6;2;60
6;3;50
6;4;40
6;5;30
6;6;20
6;7;10
7;0;10
7;1;20
7;2;30
7;3;40
7;4;50
7;5;60
7;6;70
7;7;80
8;0;10
8;1;20
8;2;30
8;3;40
8;4;50
8;5;60
8;6;70
8;7;80
9;0;10
9;1;10
9;2;10
9;3;10
9;4;10
9;5;10
9;6;10
9;7;10
10;0;10
10;1;20
10;2;30
10;3;40
10;4;50
10;5;60
10;6;70
10;7;80
11;0;10
11;1;10
11;2;10
11;3;10
11;4;10
11;5;10
11;6;10
11;7;10
12;0;10
12;1;20
12;2;30
12;3;40
12;4;50
12;5;60
12;6;70
12;7;80
13;0;80
13;1;70
13;2;60
13;3;50
13;4;40
13;5;30
13;6;20
13;7;10
14;0;80
14;1;70
14;2;60
14;3;50
14;4;40
14;5;30
14;6;20
14;7;10
15;0;10
15;1;20
15;2;30
15;3;40
15;4;50
15;5;60
15;6;70
15;7;80
16;0;10
16;1;20
16;2;30
16;3;40
16;4;50
16;5;60
16;6;70
16;7;80
17;0;10
17;1;10
17;2;10
17;3;10
17;4;10
17;5;10
17;6;10
17;7;10
18;0;10
18;1;10
18;2;10
18;3;10
18;4;10
18;5;10
18;6;10
18;7;10
19;0;10
19;1;10
19;2;10
19;3;10
19;4;10
19;5;10
19;6;10
19;7;10
20;0;10
20;1;10
20;2;10
20;3;10
20;4;10
20;5;10
20;6;10
20;7;10
21;0;10
21;1;10
21;2;10
21;3;10
21;4;10
21;5;10
21;6;10
21;7;10
22;0;10
22;1;20
22;2;30
22;3;40
22;4;50
22;5;60
22;6;70
22;7;80
23;0;10
23;1;10
23;2;10
23;3;10
23;4;10
23;5;10
23;6;10
23;7;10
24;0;80
24;1;70
24;2;60
24;3;50
24;4;40
24;5;30
24;6;20
24;7;10
25;0;10
25;1;10
25;2;10
25;3;10
25;4;10
25;5;10
25;6;10
25;7;10
26;0;80
26;1;70
26;2;60
26;3;50
26;4;40
26;5;30
26;6;20
26;7;10
27;0;10
27;1;10
27;2;10
27;3;10
27;4;10
27;5;10
27;6;10
27;7;10
28;0;80
28;1;70
28;2;60
28;3;50
28;4;40
28;5;30
28;6;20
28;7;10
29;0;10
29;1;20
29;2;30
29;3;40
29;4;50
29;5;60
29;6;70
29;7;80
30;0;10
30;1;20
30;2;30
30;3;40
30;4;50
30;5;60
30;6;70
30;7;80
31;0;10
31;1;10
31;2;10
31;3;10
31;4;10
31;5;10
31;6;10
31;7;10
32;0;10
32;1;20
32;2;30
32;3;40
32;4;50
32;5;60
32;6;70
32;7;80
33;0;10
33;1;10
33;2;10
33;3;10
33;4;10
33;5;10
33;6;10
33;7;10
34;0;80
34;1;70
34;2;60
34;3;50
34;4;40
34;5;30
34;6;20
34;7;10
35;0;10
35;1;20
35;2;30
35;3;40
35;4;50
35;5;60
35;6;70
35;7;80
36;0;10
36;1;20
36;2;30
36;3;40
36;4;50
36;5;60
36;6;70
36;7;80
37;0;10
37;1;10
37;2;10
37;3;10
37;4;10
37;5;10
37;6;10
37;7;10
38;0;10
38;1;10
38;2;10
38;3;10
38;4;10
38;5;10
38;6;10
38;7;10
39;0;10
39;1;20
39;2;30
39;3;40
39;4;50
39;5;60
39;6;70
39;7;80
40;0;10
40;1;10
40;2;10
40;3;10
40;4;10
40;5;10
40;6;10
40;7;10
41;0;10
41;1;20
41;2;30
41;3;40
41;4;50
41;5;60
41;6;70
41;7;80
42;0;80
42;1;70
42;2;60
42;3;50
42;4;40
42;5;30
42;6;20
42;7;10
43;0;10
43;1;20
43;2;30
43;3;40
43;4;50
43;5;60
43;6;70
43;7;80
44;0;80
44;1;70
44;2;60
44;3;50
44;4;40
44;5;30
44;6;20
44;7;10
45;0;10
45;1;20
45;2;30
45;3;40
45;4;50
45;5;60
45;6;70
45;7;80
46;0;80
46;1;70
46;2;60
46;3;50
46;4;40
46;5;30
46;6;20
46;7;10
47;0;10
47;1;10
47;2;10
47;3;10
47;4;10
47;5;10
47;6;10
47;7;10
48;0;10
48;1;10
48;2;10
48;3;10
48;4;10
48;5;10
48;6;10
48;7;10
49;0;10
49;1;10
49;2;10
49;3;10
49;4;10
49;5;10
49;6;10
49;7;10
50;0;10
50;1;10
50;2;10
50;3;10
50;4;10
50;5;10
50;6;10
50;7;10
51;0;80
51;1;70
51;2;60
51;3;50
51;4;40
51;5;30
51;6;20
51;7;10
52;0;10
52;1;20
52;2;30
52;3;40
52;4;50
52;5;60
52;6;70
52;7;80
53;0;10
53;1;20
53;2;30
53;3;40
53;4;50
53;5;60
53;6;70
53;7;80
54;0;10
54;1;10
54;2;10
54;3;10
54;4;10
54;5;10
54;6;10
54;7;10
55;0;10
55;1;10
55;2;10
55;3;10
55;4;10
55;5;10
55;6;10
55;7;10
56;0;10
56;1;10
56;2;10
56;3;10
56;4;10
56;5;10
56;6;10
56;7;10
57;0;10
57;1;20
57;2;30
57;3;40
57;4;50
57;5;60
57;6;70
57;7;80
58;0;10
58;1;20
58;2;30
58;3;40
58;4;50
58;5;60
58;6;70
58;7;80
59;0;10
59;1;20
59;2;30
59;3;40
59;4;50
59;5;60
59;6;70
59;7;80
60;0;10
60;1;20
60;2;30
60;3;40
60;4;50
60;5;60
60;6;70
60;7;80
61;0;10
61;1;10
61;2;10
61;3;10
61;4;10
61;5;10
61;6;10
61;7;10
62;0;80
62;1;70
62;2;60
62;3;50
62;4;40
62;5;30
62;6;20
62;7;10
63;0;10
63;1;20
63;2;30
63;3;40
63;4;50
63;5;60
63;6;70
63;7;80
64;0;10
64;1;10
64;2;10
64;3;10
64;4;10
64;5;10
64;6;10
64;7;10
65;0;80
65;1;70
65;2;60
65;3;50
65;4;40
65;5;30
65;6;20
65;7;10
66;0;80
66;1;70
66;2;60
66;3;50
66;4;40
66;5;30
66;6;20
66;7;10
67;0;10
67;1;10
67;2;10
67;3;10
67;4;10
67;5;10
67;6;10
67;7;10
68;0;10
68;1;20
68;2;30
68;3;40
68;4;50
68;5;60
68;6;70
68;7;80
69;0;10
69;1;20
69;2;30
69;3;40
69;4;50
69;5;60
69;6;70
69;7;80
70;0;10
70;1;10
70;2;10
70;3;10
70;4;10
70;5;10
70;6;10
70;7;10
71;0;10
71;1;10
71;2;10
71;3;10
71;4;10
71;5;10
71;6;10
71;7;10
72;0;80
72;1;70
72;2;60
72;3;50
72;4;40
72;5;30
72;6;20
72;7;10
73;0;10
73;1;20
73;2;30
73;3;40
73;4;50
73;5;60
73;6;70
73;7;80
74;0;80
74;1;70
74;2;60
74;3;50
74;4;40
74;5;30
74;6;20
74;7;10
75;0;10
75;1;10
75;2;10
75;3;10
75;4;10
75;5;10
75;6;10
75;7;10
76;0;80
76;1;70
76;2;60
76;3;50
76;4;40
76;5;30
76;6;20
76;7;10
77;0;10
77;1;20
77;2;30
77;3;40
77;4;50
77;5;60
77;6;70
77;7;80
78;0;10
78;1;20
78;2;30
78;3;40
78;4;50
78;5;60
78;6;70
78;7;80
79;0;10
79;1;20
79;2;30
79;3;40
79;4;50
79;5;60
79;6;70
79;7;80
80;0;10
80;1;20
80;2;30
80;3;40
80;4;50
80;5;60
80;6;70
80;7;80
81;0;10
81;1;20
81;2;30
81;3;40
81;4;50
81;5;60
81;6;70
81;7;80
82;0;10
82;1;20
82;2;30
82;3;40
82;4;50
82;5;60
82;6;70
82;7;80
83;0;80
83;1;70
83;2;60
83;3;50
83;4;40
83;5;30
83;6;20
83;7;10
84;0;10
84;1;10
84;2;10
84;3;10
84;4;10
84;5;10
84;6;10
84;7;10
85;0;80
85;1;70
85;2;60
85;3;50
85;4;40
85;5;30
85;6;20
85;7;10
86;0;10
86;1;10
86;2;10
86;3;10
86;4;10
86;5;10
86;6;10
86;7;10
87;0;10
87;1;20
87;2;30
87;3;40
87;4;50
87;5;60
87;6;70
87;7;80
88;0;80
88;1;70
88;2;60
88;3;50
88;4;40
88;5;30
88;6;20
88;7;10
89;0;10
89;1;10
89;2;10
89;3;10
89;4;10
89;5;10
89;6;10
89;7;10
90;0;10
90;1;20
90;2;30
90;3;40
90;4;50
90;5;60
90;6;70
90;7;80
91;0;10
91;1;20
91;2;30
91;3;40
91;4;50
91;5;60
91;6;70
91;7;80
92;0;10
92;1;20
92;2;30
92;3;40
92;4;50
92;5;60
92;6;70
92;7;80
93;0;80
93;1;70
93;2;60
93;3;50
93;4;40
93;5;30
93;6;20
93;7;10
94;0;10
94;1;10
94;2;10
94;3;10
94;4;10
94;5;10
94;6;10
94;7;10
95;0;10
95;1;10
95;2;10
95;3;10
95;4;10
95;5;10
95;6;10
95;7;10
96;0;10
96;1;20
96;2;30
96;3;40
96;4;50
96;5;60
96;6;70
96;7;80
97;0;80
97;1;70
97;2;60
97;3;50
97;4;40
97;5;30
97;6;20
97;7;10
98;0;80
98;1;70
98;2;60
98;3;50
98;4;40
98;5;30
98;6;20
98;7;10
99;0;80
99;1;70
99;2;60
99;3;50
99;4;40
99;5;30
99;6;20
99;7;10
100;0;80
100;1;70
100;2;60
100;3;50
100;4;40
100;5;30
100;6;20
100;7;10
101;0;80
101;1;70
101;2;60
101;3;50
101;4;40
101;5;30
101;6;20
101;7;10
102;0;80
102;1;70
102;2;60
102;3;50
102;4;40
102;5;30
102;6;20
102;7;10
103;0;10
103;1;10
103;2;10
103;3;10
103;4;10
103;5;10
103;6;10
103;7;10
104;0;10
104;1;10
104;2;10
104;3;10
104;4;10
104;5;10
104;6;10
104;7;10
105;0;10
105;1;20
105;2;30
105;3;40
105;4;50
105;5;60
105;6;70
105;7;80
106;0;10
106;1;10
106;2;10
106;3;10
106;4;10
106;5;10
106;6;10
106;7;10
107;0;80
107;1;70
107;2;60
107;3;50
107;4;40
107;5;30
107;6;20
107;7;10
108;0;80
108;1;70
108;2;60
108;3;50
108;4;40
108;5;30
108;6;20
108;7;10
109;0;10
109;1;10
109;2;10
109;3;10
109;4;10
109;5;10
109;6;10
109;7;10
110;0;10
110;1;20
110;2;30
110;3;40
110;4;50
110;5;60
110;6;70
110;7;80
111;0;10
111;1;10
111;2;10
111;3;10
111;4;10
111;5;10
111;6;10
111;7;10
112;0;10
112;1;10
112;2;10
112;3;10
112;4;10
112;5;10
112;6;10
112;7;10
113;0;80
113;1;70
113;2;60
113;3;50
113;4;40
113;5;30
113;6;20
113;7;10
114;0;80
114;1;70
114;2;60
114;3;50
114;4;40
114;5;30
114;6;20
114;7;10
115;0;10
115;1;10
115;2;10
115;3;10
115;4;10
115;5;10
115;6;10
115;7;10
116;0;10
116;1;10
116;2;10
116;3;10
116;4;10
116;5;10
116;6;10
116;7;10
117;0;10
117;1;20
117;2;30
117;3;40
117;4;50
117;5;60
117;6;70
117;7;80
118;0;10
118;1;20
118;2;30
118;3;40
118;4;50
118;5;60
118;6;70
118;7;80
119;0;10
119;1;10
119;2;10
119;3;10
119;4;10
119;5;10
119;6;10
119;7;10
120;0;10
120;1;10
120;2;10
120;3;10
120;4;10
120;5;10
120;6;10
120;7;10
121;0;10
121;1;10
121;2;10
121;3;10
121;4;10
121;5;10
121;6;10
121;7;10
122;0;80
122;1;70
122;2;60
122;3;50
122;4;40
122;5;30
122;6;20
122;7;10
123;0;80
123;1;70
123;2;60
123;3;50
123;4;40
123;5;30
123;6;20
123;7;10
124;0;80
124;1;70
124;2;60
124;3;50
124;4;40
124;5;30
124;6;20
124;7;10
125;0;80
125;1;70
125;2;60
125;3;50
125;4;40
125;5;30
125;6;20
125;7;10
126;0;10
126;1;20
126;2;30
126;3;40
126;4;50
126;5;60
126;6;70
126;7;80
127;0;10
127;1;10
127;2;10
127;3;10
127;4;10
127;5;10
127;6;10
127;7;10
128;0;10
128;1;10
128;2;10
128;3;10
128;4;10
128;5;10
128;6;10
128;7;10
129;0;80
129;1;70
129;2;60
129;3;50
129;4;40
129;5;30
129;6;20
129;7;10
130;0;80
130;1;70
130;2;60
130;3;50
130;4;40
130;5;30
130;6;20
130;7;10
131;0;10
131;1;20
131;2;30
131;3;40
131;4;50
131;5;60
131;6;70
131;7;80
132;0;80
132;1;70
132;2;60
132;3;50
132;4;40
132;5;30
132;6;20
132;7;10
133;0;80
133;1;70
133;2;60
133;3;50
133;4;40
133;5;30
133;6;20
133;7;10
134;0;10
134;1;10
134;2;10
134;3;10
134;4;10
134;5;10
134;6;10
134;7;10
135;0;10
135;1;20
135;2;30
135;3;40
135;4;50
135;5;60
135;6;70
135;7;80
136;0;80
136;1;70
136;2;60
136;3;50
136;4;40
136;5;30
136;6;20
136;7;10
137;0;10
137;1;20
137;2;30
137;3;40
137;4;50
137;5;60
137;6;70
137;7;80
138;0;10
138;1;20
138;2;30
138;3;40
138;4;50
138;5;60
138;6;70
138;7;80
139;0;10
139;1;20
139;2;30
139;3;40
139;4;50
139;5;60
139;6;70
139;7;80
140;0;10
140;1;10
140;2;10
140;3;10
140;4;10
140;5;10
140;6;10
140;7;10
141;0;10
141;1;20
141;2;30
141;3;40
141;4;50
141;5;60
141;6;70
141;7;80
142;0;10
142;1;10
142;2;10
142;3;10
142;4;10
142;5;10
142;6;10
142;7;10
143;0;10
143;1;20
143;2;30
143;3;40
143;4;50
143;5;60
143;6;70
143;7;80
144;0;10
144;1;10
144;2;10
144;3;10
144;4;10
144;5;10
144;6;10
144;7;10
145;0;80
145;1;70
145;2;60
145;3;50
145;4;40
145;5;30
145;6;20
145;7;10
146;0;80
146;1;70
146;2;60
146;3;50
146;4;40
146;5;30
146;6;20
146;7;10
147;0;10
147;1;10
147;2;10
147;3;10
147;4;10
147;5;10
147;6;10
147;7;10
148;0;10
148;1;20
148;2;30
148;3;40
148;4;50
148;5;60
148;6;70
148;7;80
149;0;80
149;1;70
149;2;60
149;3;50
149;4;40
149;5;30
149;6;20
149;7;10
150;0;10
150;1;20
150;2;30
150;3;40
150;4;50
150;5;60
150;6;70
150;7;80
151;0;10
151;1;20
151;2;30
151;3;40
151;4;50
151;5;60
151;6;70
151;7;80
152;0;80
152;1;70
152;2;60
152;3;50
152;4;40
152;5;30
152;6;20
152;7;10
153;0;10
153;1;20
153;2;30
153;3;40
153;4;50
153;5;60
153;6;70
153;7;80
154;0;10
154;1;20
154;2;30
154;3;40
154;4;50
154;5;60
154;6;70
154;7;80
155;0;10
155;1;20
155;2;30
155;3;40
155;4;50
155;5;60
155;6;70
155;7;80
156;0;80
156;1;70
156;2;60
156;3;50
156;4;40
156;5;30
156;6;20
156;7;10
157;0;10
157;1;20
157;2;30
157;3;40
157;4;50
157;5;60
157;6;70
157;7;80
158;0;10
158;1;10
158;2;10
158;3;10
158;4;10
158;5;10
158;6;10
158;7;10
159;0;80
159;1;70
159;2;60
159;3;50
159;4;40
159;5;30
159;6;20
159;7;10
160;0;10
160;1;20
160;2;30
160;3;40
160;4;50
160;5;60
160;6;70
160;7;80
161;0;10
161;1;10
161;2;10
161;3;10
161;4;10
161;5;10
161;6;10
161;7;10
162;0;10
162;1;20
162;2;30
162;3;40
162;4;50
162;5;60
162;6;70
162;7;80
163;0;80
163;1;70
163;2;60
163;3;50
163;4;40
163;5;30
163;6;20
163;7;10
164;0;10
164;1;20
164;2;30
164;3;40
164;4;50
164;5;60
164;6;70
164;7;80
165;0;80
165;1;70
165;2;60
165;3;50
165;4;40
165;5;30
165;6;20
165;7;10
166;0;10
166;1;20
166;2;30
166;3;40
166;4;50
166;5;60
166;6;70
166;7;80
167;0;80
167;1;70
167;2;60
167;3;50
167;4;40
167;5;30
167;6;20
167;7;10
168;0;10
168;1;10
168;2;10
168;3;10
168;4;10
168;5;10
168;6;10
168;7;10
169;0;10
169;1;20
169;2;30
169;3;40
169;4;50
169;5;60
169;6;70
169;7;80
170;0;80
170;1;70
170;2;60
170;3;50
170;4;40
170;5;30
170;6;20
170;7;10
171;0;10
171;1;20
171;2;30
171;3;40
171;4;50
171;5;60
171;6;70
171;7;80
172;0;10
172;1;10
172;2;10
172;3;10
172;4;10
172;5;10
172;6;10
172;7;10
173;0;10
173;1;10
173;2;10
173;3;10
173;4;10
173;5;10
173;6;10
173;7;10
174;0;10
174;1;20
174;2;30
174;3;40
174;4;50
174;5;60
174;6;70
174;7;80
175;0;80
175;1;70
175;2;60
175;3;50
175;4;40
175;5;30
175;6;20
175;7;10
176;0;80
176;1;70
176;2;60
176;3;50
176;4;40
176;5;30
176;6;20
176;7;10
177;0;10
177;1;20
177;2;30
177;3;40
177;4;50
177;5;60
177;6;70
177;7;80
178;0;10
178;1;20
178;2;30
178;3;40
178;4;50
178;5;60
178;6;70
178;7;80
179;0;10
179;1;10
179;2;10
179;3;10
179;4;10
179;5;10
179;6;10
179;7;10
180;0;10
180;1;20
180;2;30
180;3;40
180;4;50
180;5;60
180;6;70
180;7;80
181;0;10
181;1;10
181;2;10
181;3;10
181;4;10
181;5;10
181;6;10
181;7;10
182;0;80
182;1;70
182;2;60
182;3;50
182;4;40
182;5;30
182;6;20
182;7;10
183;0;10
183;1;10
183;2;10
183;3;10
183;4;10
183;5;10
183;6;10
183;7;10
184;0;10
184;1;10
184;2;10
184;3;10
184;4;10
184;5;10
184;6;10
184;7;10
185;0;10
185;1;20
185;2;30
185;3;40
185;4;50
185;5;60
185;6;70
185;7;80
186;0;80
186;1;70
186;2;60
186;3;50
186;4;40
186;5;30
186;6;20
186;7;10
187;0;10
187;1;20
187;2;30
187;3;40
187;4;50
187;5;60
187;6;70
187;7;80
188;0;10
188;1;20
188;2;30
188;3;40
188;4;50
188;5;60
188;6;70
188;7;80
189;0;80
189;1;70
189;2;60
189;3;50
189;4;40
189;5;30
189;6;20
189;7;10
190;0;10
190;1;20
190;2;30
190;3;40
190;4;50
190;5;60
190;6;70
190;7;80
191;0;80
191;1;70
191;2;60
191;3;50
191;4;40
191;5;30
191;6;20
191;7;10
192;0;10
192;1;20
192;2;30
192;3;40
192;4;50
192;5;60
192;6;70
192;7;80
193;0;10
193;1;20
193;2;30
193;3;40
193;4;50
193;5;60
193;6;70
193;7;80
194;0;10
194;1;10
194;2;10
194;3;10
194;4;10
194;5;10
194;6;10
194;7;10
195;0;10
195;1;10
195;2;10
195;3;10
195;4;10
195;5;10
195;6;10
195;7;10
196;0;80
196;1;70
196;2;60
196;3;50
196;4;40
196;5;30
196;6;20
196;7;10
197;0;10
197;1;10
197;2;10
197;3;10
197;4;10
197;5;10
197;6;10
197;7;10
198;0;80
198;1;70
198;2;60
198;3;50
198;4;40
198;5;30
198;6;20
198;7;10
199;0;10
199;1;20
199;2;30
199;3;40
199;4;50
199;5;60
199;6;70
199;7;80
