500;250;1176
0;167;70
1;167;10
1;168;10
2;167;10
2;169;70
3;168;100
3;170;100
4;168;50
4;171;10
5;168;70
5;172;10
6;169;10
6;173;10
7;169;50
7;174;100
8;165;10
8;169;10
8;175;10
9;163;100
9;170;50
9;176;100
10;161;10
10;170;100
10;177;10
11;159;50
11;170;100
11;178;100
12;157;50
12;170;50
12;179;50
13;155;50
13;171;100
13;180;10
14;153;50
14;171;10
14;181;100
15;151;10
15;171;10
15;182;100
16;149;70
16;171;100
16;183;100
17;147;50
17;172;10
17;184;10
18;145;10
18;172;10
18;185;100
19;143;70
19;172;50
19;186;10
20;141;70
20;172;100
20;187;70
21;139;50
21;173;50
21;188;70
22;137;50
22;173;70
22;189;50
23;135;70
23;173;70
23;190;10
24;133;50
24;173;70
24;191;70
25;131;50
25;166;10
25;174;70
25;192;100
26;129;50
26;166;70
26;174;70
26;193;10
27;127;100
27;166;70
27;174;10
27;194;10
28;125;50
28;166;50
28;174;100
28;195;100
29;123;70
29;164;50
29;175;50
29;196;100
30;121;10
30;164;100
30;175;70
30;197;100
31;119;100
31;164;10
31;165;10
31;175;70
31;198;10
32;117;50
32;164;10
32;175;100
32;199;70
33;115;50
33;162;100
33;176;10
33;200;50
34;113;10
34;162;10
34;176;100
34;201;100
35;111;100
35;162;100
35;176;100
35;202;50
36;109;100
36;162;100
36;163;50
36;176;100
36;203;10
37;107;50
37;162;70
37;176;70
37;204;100
38;105;50
38;160;100
38;177;70
38;205;50
39;103;70
39;160;70
39;177;50
39;206;70
40;101;70
40;160;50
40;177;10
40;207;10
41;99;100
41;160;100
41;161;70
41;177;50
41;208;70
42;97;100
42;160;70
42;177;70
42;209;50
43;95;70
43;158;10
43;178;10
43;210;100
44;93;70
44;158;70
44;178;50
44;211;70
45;91;50
45;158;100
45;178;100
45;212;50
46;89;10
46;158;100
46;159;50
46;178;100
46;213;70
47;87;100
47;158;50
47;178;100
47;214;50
48;85;100
48;156;100
48;179;10
48;215;100
49;83;50
49;156;50
49;179;50
49;216;100
50;81;100
50;156;70
50;179;70
50;217;70
51;79;70
51;156;50
51;157;10
51;179;100
51;218;70
52;77;50
52;156;70
52;179;70
52;219;50
53;75;70
53;154;100
53;180;70
53;220;50
54;73;50
54;154;10
54;180;50
54;221;10
55;71;10
55;154;10
55;180;70
55;222;100
56;69;100
56;154;50
56;155;50
56;180;70
56;223;50
57;67;100
57;154;100
57;180;50
57;224;10
58;65;50
58;152;50
58;181;10
58;225;50
59;63;10
59;152;100
59;181;100
59;226;10
60;61;70
60;152;10
60;181;100
60;227;100
61;59;70
61;152;50
61;153;10
61;181;70
61;228;10
62;57;70
62;152;10
62;181;50
62;229;70
63;55;100
63;150;50
63;182;10
63;230;100
64;53;50
64;150;50
64;182;70
64;231;100
65;51;50
65;150;70
65;182;10
65;232;50
66;49;10
66;150;100
66;151;50
66;182;100
66;233;50
67;47;10
67;150;100
67;182;70
67;234;50
68;45;70
68;148;70
68;183;100
68;235;70
69;43;70
69;148;50
69;183;100
69;236;100
70;41;70
70;148;50
70;183;100
70;237;10
71;39;70
71;148;70
71;149;50
71;183;50
71;238;100
72;37;100
72;148;100
72;183;70
72;239;50
73;35;100
73;146;70
73;184;50
73;240;50
74;33;10
74;146;50
74;184;10
74;241;70
75;31;70
75;146;10
75;184;50
75;242;10
76;29;50
76;146;70
76;147;100
76;184;10
76;243;100
77;27;100
77;146;70
77;184;100
77;244;50
78;25;100
78;144;70
78;185;100
78;245;50
79;23;100
79;144;50
79;185;10
79;246;100
80;21;50
80;144;50
80;185;50
80;247;100
81;19;70
81;144;10
81;145;100
81;185;50
81;248;100
82;17;10
82;144;50
82;185;50
82;249;50
83;15;50
83;142;70
83;186;70
84;13;10
84;142;10
84;186;70
85;11;100
85;142;50
85;186;100
86;9;100
86;142;100
86;143;10
86;186;50
87;7;50
87;142;50
87;186;70
88;5;100
88;140;50
88;187;100
89;3;10
89;140;10
89;187;70
90;1;50
90;140;100
90;187;50
91;140;10
91;141;50
91;187;100
92;140;50
92;187;70
93;138;10
93;188;100
94;138;70
94;188;70
95;138;70
95;188;50
96;138;70
96;139;70
96;188;100
97;138;50
97;188;100
98;136;50
98;189;10
99;136;100
99;189;50
100;136;50
100;189;50
101;136;70
101;137;70
101;189;10
102;136;10
102;189;70
103;134;10
103;190;50
104;134;50
104;190;100
105;134;70
105;190;50
106;134;50
106;135;50
106;190;70
107;134;100
107;190;70
108;132;100
108;191;100
109;132;70
109;191;70
110;132;100
110;191;10
111;132;50
111;133;100
111;191;70
112;132;50
112;191;100
113;130;10
113;192;100
114;130;10
114;192;70
115;130;50
115;192;50
116;130;50
116;131;100
116;192;50
117;130;50
117;192;70
118;128;70
118;193;50
119;128;10
119;193;70
120;128;100
120;193;100
121;128;50
121;129;100
121;193;50
122;128;70
122;193;50
123;126;100
123;194;70
124;126;70
124;194;100
125;126;10
125;194;70
126;126;50
126;127;50
126;194;10
127;126;10
127;194;70
128;124;70
128;195;10
129;124;50
129;195;10
130;124;10
130;195;10
131;124;70
131;125;50
131;195;50
132;124;70
132;195;70
133;122;50
133;196;100
134;122;50
134;196;100
135;122;70
135;196;10
136;122;10
136;123;100
136;196;70
137;122;10
137;196;10
138;120;10
138;197;100
139;120;10
139;197;70
140;120;70
140;197;10
141;120;10
141;121;100
141;197;100
142;120;10
142;197;50
143;118;50
143;198;10
144;118;10
144;198;10
145;118;50
145;198;70
146;118;50
146;119;70
146;198;50
147;118;50
147;198;70
148;116;100
148;199;100
149;116;50
149;199;10
150;116;10
150;199;100
151;116;70
151;117;100
151;199;100
152;116;70
152;199;70
153;114;10
153;200;10
154;114;10
154;200;10
155;114;10
155;200;100
156;114;70
156;200;70
157;114;50
157;115;100
157;200;10
158;114;50
158;200;100
159;112;70
159;201;70
160;112;100
160;201;50
161;112;10
161;201;70
162;112;50
162;201;70
163;112;10
163;113;10
163;201;100
164;112;100
164;201;100
165;110;100
165;202;10
166;110;10
166;202;10
167;110;10
167;202;100
168;110;100
168;202;70
169;110;10
169;111;100
169;202;50
170;110;70
170;202;100
171;108;70
171;203;70
172;108;50
172;203;70
173;108;70
173;203;70
174;108;50
174;203;70
175;108;70
175;109;10
175;203;70
176;108;100
176;203;50
177;106;70
177;204;70
178;106;50
178;204;10
179;106;50
179;204;10
180;106;70
180;204;50
181;106;70
181;107;50
181;204;100
182;106;100
182;204;70
183;104;10
183;205;10
184;104;100
184;205;100
185;104;100
185;205;50
186;104;10
186;205;70
187;104;70
187;105;100
187;205;70
188;104;10
188;205;50
189;102;100
189;206;70
190;102;10
190;206;10
191;102;10
191;206;70
192;102;70
192;206;50
193;102;100
193;103;50
193;206;10
194;102;10
194;206;50
195;100;50
195;207;10
196;100;10
196;207;70
197;100;70
197;207;100
198;100;100
198;207;100
199;100;70
199;101;100
199;207;100
200;100;50
200;207;70
201;98;50
201;208;70
202;98;10
202;208;10
203;98;10
203;208;100
204;98;100
204;208;10
205;98;10
205;99;50
205;208;70
206;98;10
206;208;100
207;96;10
207;209;100
208;96;100
208;209;10
209;96;50
209;209;10
210;96;50
210;209;70
211;96;100
211;97;50
211;209;70
212;96;70
212;209;50
213;94;100
213;210;50
214;94;70
214;210;50
215;94;50
215;210;100
216;94;50
216;210;10
217;94;10
217;95;50
217;210;10
218;94;100
218;210;50
219;92;100
219;211;10
220;92;70
220;211;100
221;92;50
221;211;70
222;92;70
222;211;100
223;92;50
223;93;100
223;211;10
224;92;70
224;211;10
225;90;70
225;212;10
226;90;10
226;212;50
227;90;50
227;212;70
228;90;10
228;212;70
229;90;100
229;91;10
229;212;100
230;90;100
230;212;100
231;88;100
231;213;10
232;88;70
232;213;100
233;88;10
233;213;70
234;88;100
234;213;10
235;88;50
235;89;10
235;213;70
236;88;50
236;213;50
237;86;50
237;214;100
238;86;70
238;214;70
239;86;50
239;214;10
240;86;100
240;214;10
241;86;50
241;87;50
241;214;50
242;86;100
242;214;50
243;84;70
243;215;10
244;84;10
244;215;10
245;84;10
245;215;70
246;84;10
246;215;10
247;84;70
247;85;10
247;215;70
248;84;100
248;215;50
249;82;10
249;216;10
250;82;100
250;216;100
251;82;50
251;216;100
252;82;70
252;216;10
253;82;100
253;83;10
253;216;100
254;82;50
254;216;100
255;80;50
255;217;100
256;80;50
256;217;50
257;80;10
257;217;10
258;80;70
258;217;100
259;80;100
259;81;10
259;217;50
260;80;10
260;217;100
261;78;100
261;218;70
262;78;50
262;218;70
263;78;100
263;218;10
264;78;100
264;218;10
265;78;70
265;79;50
265;218;50
266;78;100
266;218;100
267;76;10
267;219;10
268;76;50
268;219;100
269;76;100
269;219;100
270;76;100
270;219;70
271;76;100
271;77;100
271;219;50
272;76;100
272;219;10
273;74;50
273;220;100
274;74;10
274;220;10
275;74;10
275;220;100
276;74;70
276;220;70
277;74;70
277;75;100
277;220;10
278;74;50
278;220;10
279;72;70
279;221;100
280;72;50
280;221;50
281;72;10
281;221;10
282;72;10
282;221;50
283;72;70
283;73;100
283;221;50
284;72;10
284;221;10
285;70;100
285;222;50
286;70;70
286;222;100
287;70;50
287;222;100
288;70;10
288;222;10
289;70;70
289;71;50
289;222;50
290;70;50
290;222;10
291;68;70
291;223;10
292;68;100
292;223;100
293;68;100
293;223;10
294;68;10
294;223;100
295;68;50
295;69;50
295;223;100
296;68;70
296;223;70
297;66;100
297;224;100
298;66;70
298;224;100
299;66;50
299;224;10
300;66;10
300;224;70
301;66;100
301;67;10
301;224;50
302;66;100
302;224;10
303;64;10
303;225;50
304;64;10
304;225;100
305;64;10
305;225;50
306;64;50
306;225;100
307;64;70
307;65;100
307;225;100
308;64;50
308;225;100
309;62;10
309;226;100
310;62;70
310;226;10
311;62;70
311;226;10
312;62;10
312;226;50
313;62;10
313;63;70
313;226;50
314;62;10
314;226;70
315;60;70
315;227;100
316;60;50
316;227;100
317;60;10
317;227;70
318;60;70
318;227;10
319;60;50
319;61;100
319;227;10
320;60;70
320;227;50
321;58;70
321;228;70
322;58;10
322;228;50
323;58;10
323;228;10
324;58;100
324;228;50
325;58;100
325;59;10
325;228;10
326;58;10
326;228;70
327;56;70
327;229;50
328;56;100
328;229;50
329;56;70
329;229;100
330;56;10
330;229;70
331;56;100
331;57;50
331;229;70
332;56;70
332;229;10
333;54;10
333;230;10
334;54;100
334;230;70
335;54;100
335;230;10
336;54;10
336;230;10
337;54;70
337;55;70
337;230;100
338;54;10
338;230;50
339;52;100
339;231;70
340;52;70
340;231;10
341;52;10
341;231;10
342;52;10
342;231;10
343;52;10
343;53;100
343;231;70
344;52;50
344;231;70
345;50;100
345;232;100
346;50;70
346;232;10
347;50;10
347;232;50
348;50;100
348;232;70
349;50;70
349;51;100
349;232;70
350;50;50
350;232;100
351;48;100
351;233;50
352;48;100
352;233;50
353;48;10
353;233;10
354;48;50
354;233;50
355;48;10
355;49;70
355;233;70
356;48;70
356;233;50
357;46;10
357;234;100
358;46;100
358;234;50
359;46;100
359;234;100
360;46;50
360;234;70
361;46;100
361;47;10
361;234;100
362;46;70
362;234;70
363;44;70
363;235;70
364;44;10
364;235;70
365;44;70
365;235;50
366;44;70
366;235;10
367;44;70
367;45;70
367;235;70
368;44;100
368;235;50
369;42;50
369;236;50
370;42;10
370;236;70
371;42;10
371;236;50
372;42;10
372;236;100
373;42;70
373;43;70
373;236;70
374;42;10
374;236;100
375;40;100
375;237;50
376;40;70
376;237;50
377;40;50
377;237;10
378;40;10
378;237;50
379;40;50
379;41;100
379;237;70
380;40;50
380;237;70
381;38;70
381;238;100
382;38;70
382;238;70
383;38;70
383;238;50
384;38;100
384;238;50
385;38;50
385;39;50
385;238;70
386;38;10
386;238;70
387;36;100
387;239;50
388;36;10
388;239;70
389;36;70
389;239;50
390;36;100
390;239;100
391;36;100
391;37;10
391;239;50
392;36;10
392;239;100
393;34;70
393;240;10
394;34;50
394;240;70
395;34;70
395;240;50
396;34;100
396;240;50
397;34;100
397;35;10
397;240;10
398;34;10
398;240;50
399;32;50
399;241;10
400;32;100
400;241;100
401;32;10
401;241;70
402;32;10
402;241;50
403;32;50
403;33;100
403;241;100
404;32;70
404;241;10
405;30;100
405;242;50
406;30;70
406;242;70
407;30;100
407;242;10
408;30;50
408;242;10
409;30;70
409;31;70
409;242;70
410;30;100
410;242;70
411;28;10
411;243;50
412;28;70
412;243;100
413;28;70
413;243;100
414;28;50
414;243;50
415;28;10
415;29;70
415;243;100
416;28;50
416;243;70
417;26;50
417;244;10
418;26;100
418;244;70
419;26;100
419;244;10
420;26;50
420;244;100
421;26;10
421;27;50
421;244;10
422;26;70
422;244;70
423;24;100
423;245;70
424;24;100
424;245;70
425;24;70
425;245;70
426;24;100
426;245;70
427;24;50
427;25;10
427;245;50
428;24;50
428;245;70
429;22;50
429;246;10
430;22;10
430;246;70
431;22;70
431;246;10
432;22;70
432;246;50
433;22;50
433;23;100
433;246;100
434;22;70
434;246;50
435;20;50
435;247;100
436;20;100
436;247;10
437;20;10
437;247;70
438;20;10
438;247;100
439;20;100
439;21;10
439;247;50
440;20;70
440;247;10
441;18;70
441;248;50
442;18;100
442;248;70
443;18;100
443;248;50
444;18;10
444;248;100
445;18;70
445;19;50
445;248;70
446;18;100
446;248;10
447;16;10
447;249;100
448;16;50
448;249;100
449;16;100
449;249;10
450;16;70
450;249;70
451;16;50
451;17;70
451;249;70
452;16;50
452;249;70
453;14;10
454;14;70
455;14;10
456;14;100
457;14;10
457;15;100
458;14;70
459;12;100
460;12;100
461;12;70
462;12;100
463;12;50
463;13;50
464;12;70
465;10;50
466;10;70
467;10;100
468;10;70
469;10;100
469;11;10
470;10;100
471;8;100
472;8;70
473;8;70
474;8;50
475;8;10
475;9;50
476;8;70
477;6;70
478;6;100
479;6;100
480;6;70
481;6;10
481;7;100
482;6;100
483;4;100
484;4;50
485;4;70
486;4;100
487;4;100
487;5;100
488;4;70
489;2;10
490;2;50
491;2;50
492;2;50
493;2;50
493;3;10
494;2;50
495;0;50
496;0;70
497;0;50
498;0;10
498;1;10
499;0;10
0;0;10
0;1;10
0;2;10
0;3;10
0;4;10
0;5;10
0;6;10
0;7;10
1;0;10
1;1;10
1;2;10
1;3;10
1;4;10
1;5;10
1;6;10
1;7;10
2;0;10
2;1;10
2;2;10
2;3;10
2;4;10
2;5;10
2;6;10
2;7;10
3;0;10
3;1;10
3;2;10
3;3;10
3;4;10
3;5;10
3;6;10
3;7;10
4;0;80
4;1;70
4;2;60
4;3;50
4;4;40
4;5;30
4;6;20
4;7;10
5;0;10
5;1;10
5;2;10
5;3;10
5;4;10
5;5;10
5;6;10
5;7;10
6;0;10
6;1;20
6;2;30
6;3;40
6;4;50
6;5;60
6;6;70
6;7;80
7;0;80
7;1;70
7;2;60
7;3;50
7;4;40
7;5;30
7;6;20
7;7;10
8;0;10
8;1;10
8;2;10
8;3;10
8;4;10
8;5;10
8;6;10
8;7;10
9;0;10
9;1;20
9;2;30
9;3;40
9;4;50
9;5;60
9;6;70
9;7;80
10;0;10
10;1;20
10;2;30
10;3;40
10;4;50
10;5;60
10;6;70
10;7;80
11;0;10
11;1;10
11;2;10
11;3;10
11;4;10
11;5;10
11;6;10
11;7;10
12;0;80
12;1;70
12;2;60
12;3;50
12;4;40
12;5;30
12;6;20
12;7;10
13;0;80
13;1;70
13;2;60
13;3;50
13;4;40
13;5;30
13;6;20
13;7;10
14;0;10
14;1;10
14;2;10
14;3;10
14;4;10
14;5;10
14;6;10
14;7;10
15;0;10
15;1;20
15;2;30
15;3;40
15;4;50
15;5;60
15;6;70
15;7;80
16;0;10
16;1;20
16;2;30
16;3;40
16;4;50
16;5;60
16;6;70
16;7;80
17;0;10
17;1;10
17;2;10
17;3;10
17;4;10
17;5;10
17;6;10
17;7;10
18;0;10
18;1;10
18;2;10
18;3;10
18;4;10
18;5;10
18;6;10
18;7;10
19;0;80
19;1;70
19;2;60
19;3;50
19;4;40
19;5;30
19;6;20
19;7;10
20;0;10
20;1;10
20;2;10
20;3;10
20;4;10
20;5;10
20;6;10
20;7;10
21;0;80
21;1;70
21;2;60
21;3;50
21;4;40
21;5;30
21;6;20
21;7;10
22;0;10
22;1;10
22;2;10
22;3;10
22;4;10
22;5;10
22;6;10
22;7;10
23;0;10
23;1;10
23;2;10
23;3;10
23;4;10
23;5;10
23;6;10
23;7;10
24;0;10
24;1;10
24;2;10
24;3;10
24;4;10
24;5;10
24;6;10
24;7;10
25;0;80
25;1;70
25;2;60
25;3;50
25;4;40
25;5;30
25;6;20
25;7;10
26;0;10
26;1;20
26;2;30
26;3;40
26;4;50
26;5;60
26;6;70
26;7;80
27;0;10
27;1;10
27;2;10
27;3;10
27;4;10
27;5;10
27;6;10
27;7;10
28;0;80
28;1;70
28;2;60
28;3;50
28;4;40
28;5;30
28;6;20
28;7;10
29;0;10
29;1;20
29;2;30
29;3;40
29;4;50
29;5;60
29;6;70
29;7;80
30;0;10
30;1;20
30;2;30
30;3;40
30;4;50
30;5;60
30;6;70
30;7;80
31;0;10
31;1;10
31;2;10
31;3;10
31;4;10
31;5;10
31;6;10
31;7;10
32;0;10
32;1;10
32;2;10
32;3;10
32;4;10
32;5;10
32;6;10
32;7;10
33;0;10
33;1;20
33;2;30
33;3;40
33;4;50
33;5;60
33;6;70
33;7;80
34;0;10
34;1;10
34;2;10
34;3;10
34;4;10
34;5;10
34;6;10
34;7;10
35;0;10
35;1;10
35;2;10
35;3;10
35;4;10
35;5;10
35;6;10
35;7;10
36;0;80
36;1;70
36;2;60
36;3;50
36;4;40
36;5;30
36;6;20
36;7;10
37;0;80
37;1;70
37;2;60
37;3;50
37;4;40
37;5;30
37;6;20
37;7;10
38;0;80
38;1;70
38;2;60
38;3;50
38;4;40
38;5;30
38;6;20
38;7;10
39;0;10
39;1;10
39;2;10
39;3;10
39;4;10
39;5;10
39;6;10
39;7;10
40;0;10
40;1;10
40;2;10
40;3;10
40;4;10
40;5;10
40;6;10
40;7;10
41;0;10
41;1;10
41;2;10
41;3;10
41;4;10
41;5;10
41;6;10
41;7;10
42;0;10
42;1;10
42;2;10
42;3;10
42;4;10
42;5;10
42;6;10
42;7;10
43;0;80
43;1;70
43;2;60
43;3;50
43;4;40
43;5;30
43;6;20
43;7;10
44;0;10
44;1;10
44;2;10
44;3;10
44;4;10
44;5;10
44;6;10
44;7;10
45;0;80
45;1;70
45;2;60
45;3;50
45;4;40
45;5;30
45;6;20
45;7;10
46;0;80
46;1;70
46;2;60
46;3;50
46;4;40
46;5;30
46;6;20
46;7;10
47;0;10
47;1;10
47;2;10
47;3;10
47;4;10
47;5;10
47;6;10
47;7;10
48;0;10
48;1;10
48;2;10
48;3;10
48;4;10
48;5;10
48;6;10
48;7;10
49;0;10
49;1;20
49;2;30
49;3;40
49;4;50
49;5;60
49;6;70
49;7;80
50;0;10
50;1;20
50;2;30
50;3;40
50;4;50
50;5;60
50;6;70
50;7;80
51;0;80
51;1;70
51;2;60
51;3;50
51;4;40
51;5;30
51;6;20
51;7;10
52;0;80
52;1;70
52;2;60
52;3;50
52;4;40
52;5;30
52;6;20
52;7;10
53;0;80
53;1;70
53;2;60
53;3;50
53;4;40
53;5;30
53;6;20
53;7;10
54;0;80
54;1;70
54;2;60
54;3;50
54;4;40
54;5;30
54;6;20
54;7;10
55;0;10
55;1;20
55;2;30
55;3;40
55;4;50
55;5;60
55;6;70
55;7;80
56;0;80
56;1;70
56;2;60
56;3;50
56;4;40
56;5;30
56;6;20
56;7;10
57;0;10
57;1;20
57;2;30
57;3;40
57;4;50
57;5;60
57;6;70
57;7;80
58;0;80
58;1;70
58;2;60
58;3;50
58;4;40
58;5;30
58;6;20
58;7;10
59;0;10
59;1;10
59;2;10
59;3;10
59;4;10
59;5;10
59;6;10
59;7;10
60;0;80
60;1;70
60;2;60
60;3;50
60;4;40
60;5;30
60;6;20
60;7;10
61;0;10
61;1;20
61;2;30
61;3;40
61;4;50
61;5;60
61;6;70
61;7;80
62;0;10
62;1;20
62;2;30
62;3;40
62;4;50
62;5;60
62;6;70
62;7;80
63;0;10
63;1;10
63;2;10
63;3;10
63;4;10
63;5;10
63;6;10
63;7;10
64;0;10
64;1;10
64;2;10
64;3;10
64;4;10
64;5;10
64;6;10
64;7;10
65;0;10
65;1;10
65;2;10
65;3;10
65;4;10
65;5;10
65;6;10
65;7;10
66;0;10
66;1;10
66;2;10
66;3;10
66;4;10
66;5;10
66;6;10
66;7;10
67;0;10
67;1;10
67;2;10
67;3;10
67;4;10
67;5;10
67;6;10
67;7;10
68;0;10
68;1;10
68;2;10
68;3;10
68;4;10
68;5;10
68;6;10
68;7;10
69;0;10
69;1;10
69;2;10
69;3;10
69;4;10
69;5;10
69;6;10
69;7;10
70;0;10
70;1;20
70;2;30
70;3;40
70;4;50
70;5;60
70;6;70
70;7;80
71;0;10
71;1;10
71;2;10
71;3;10
71;4;10
71;5;10
71;6;10
71;7;10
72;0;80
72;1;70
72;2;60
72;3;50
72;4;40
72;5;30
72;6;20
72;7;10
73;0;10
73;1;10
73;2;10
73;3;10
73;4;10
73;5;10
73;6;10
73;7;10
74;0;10
74;1;10
74;2;10
74;3;10
74;4;10
74;5;10
74;6;10
74;7;10
75;0;10
75;1;20
75;2;30
75;3;40
75;4;50
75;5;60
75;6;70
75;7;80
76;0;10
76;1;10
76;2;10
76;3;10
76;4;10
76;5;10
76;6;10
76;7;10
77;0;80
77;1;70
77;2;60
77;3;50
77;4;40
77;5;30
77;6;20
77;7;10
78;0;10
78;1;10
78;2;10
78;3;10
78;4;10
78;5;10
78;6;10
78;7;10
79;0;80
79;1;70
79;2;60
79;3;50
79;4;40
79;5;30
79;6;20
79;7;10
80;0;80
80;1;70
80;2;60
80;3;50
80;4;40
80;5;30
80;6;20
80;7;10
81;0;10
81;1;10
81;2;10
81;3;10
81;4;10
81;5;10
81;6;10
81;7;10
82;0;10
82;1;10
82;2;10
82;3;10
82;4;10
82;5;10
82;6;10
82;7;10
83;0;10
83;1;20
83;2;30
83;3;40
83;4;50
83;5;60
83;6;70
83;7;80
84;0;80
84;1;70
84;2;60
84;3;50
84;4;40
84;5;30
84;6;20
84;7;10
85;0;10
85;1;10
85;2;10
85;3;10
85;4;10
85;5;10
85;6;10
85;7;10
86;0;10
86;1;10
86;2;10
86;3;10
86;4;10
86;5;10
86;6;10
86;7;10
87;0;80
87;1;70
87;2;60
87;3;50
87;4;40
87;5;30
87;6;20
87;7;10
88;0;80
88;1;70
88;2;60
88;3;50
88;4;40
88;5;30
88;6;20
88;7;10
89;0;80
89;1;70
89;2;60
89;3;50
89;4;40
89;5;30
89;6;20
89;7;10
90;0;10
90;1;10
90;2;10
90;3;10
90;4;10
90;5;10
90;6;10
90;7;10
91;0;10
91;1;20
91;2;30
91;3;40
91;4;50
91;5;60
91;6;70
91;7;80
92;0;80
92;1;70
92;2;60
92;3;50
92;4;40
92;5;30
92;6;20
92;7;10
93;0;10
93;1;10
93;2;10
93;3;10
93;4;10
93;5;10
93;6;10
93;7;10
94;0;10
94;1;20
94;2;30
94;3;40
94;4;50
94;5;60
94;6;70
94;7;80
95;0;10
95;1;20
95;2;30
95;3;40
95;4;50
95;5;60
95;6;70
95;7;80
96;0;10
96;1;10
96;2;10
96;3;10
96;4;10
96;5;10
96;6;10
96;7;10
97;0;10
97;1;20
97;2;30
97;3;40
97;4;50
97;5;60
97;6;70
97;7;80
98;0;10
98;1;20
98;2;30
98;3;40
98;4;50
98;5;60
98;6;70
98;7;80
99;0;10
99;1;20
99;2;30
99;3;40
99;4;50
99;5;60
99;6;70
99;7;80
100;0;10
100;1;20
100;2;30
100;3;40
100;4;50
100;5;60
100;6;70
100;7;80
101;0;10
101;1;10
101;2;10
101;3;10
101;4;10
101;5;10
101;6;10
101;7;10
102;0;10
102;1;20
102;2;30
102;3;40
102;4;50
102;5;60
102;6;70
102;7;80
103;0;80
103;1;70
103;2;60
103;3;50
103;4;40
103;5;30
103;6;20
103;7;10
104;0;80
104;1;70
104;2;60
104;3;50
104;4;40
104;5;30
104;6;20
104;7;10
105;0;10
105;1;10
105;2;10
105;3;10
105;4;10
105;5;10
105;6;10
105;7;10
106;0;80
106;1;70
106;2;60
106;3;50
106;4;40
106;5;30
106;6;20
106;7;10
107;0;80
107;1;70
107;2;60
107;3;50
107;4;40
107;5;30
107;6;20
107;7;10
108;0;80
108;1;70
108;2;60
108;3;50
108;4;40
108;5;30
108;6;20
108;7;10
109;0;80
109;1;70
109;2;60
109;3;50
109;4;40
109;5;30
109;6;20
109;7;10
110;0;10
110;1;20
110;2;30
110;3;40
110;4;50
110;5;60
110;6;70
110;7;80
111;0;10
111;1;20
111;2;30
111;3;40
111;4;50
111;5;60
111;6;70
111;7;80
112;0;10
112;1;10
112;2;10
112;3;10
112;4;10
112;5;10
112;6;10
112;7;10
113;0;80
113;1;70
113;2;60
113;3;50
113;4;40
113;5;30
113;6;20
113;7;10
114;0;80
114;1;70
114;2;60
114;3;50
114;4;40
114;5;30
114;6;20
114;7;10
115;0;80
115;1;70
115;2;60
115;3;50
115;4;40
115;5;30
115;6;20
115;7;10
116;0;10
116;1;20
116;2;30
116;3;40
116;4;50
116;5;60
116;6;70
116;7;80
117;0;80
117;1;70
117;2;60
117;3;50
117;4;40
117;5;30
117;6;20
117;7;10
118;0;10
118;1;20
118;2;30
118;3;40
118;4;50
118;5;60
118;6;70
118;7;80
119;0;10
119;1;20
119;2;30
119;3;40
119;4;50
119;5;60
119;6;70
119;7;80
120;0;10
120;1;10
120;2;10
120;3;10
120;4;10
120;5;10
120;6;10
120;7;10
121;0;80
121;1;70
121;2;60
121;3;50
121;4;40
121;5;30
121;6;20
121;7;10
122;0;10
122;1;20
122;2;30
122;3;40
122;4;50
122;5;60
122;6;70
122;7;80
123;0;10
123;1;20
123;2;30
123;3;40
123;4;50
123;5;60
123;6;70
123;7;80
124;0;10
124;1;20
124;2;30
124;3;40
124;4;50
124;5;60
124;6;70
124;7;80
125;0;80
125;1;70
125;2;60
125;3;50
125;4;40
125;5;30
125;6;20
125;7;10
126;0;10
126;1;10
126;2;10
126;3;10
126;4;10
126;5;10
126;6;10
126;7;10
127;0;10
127;1;10
127;2;10
127;3;10
127;4;10
127;5;10
127;6;10
127;7;10
128;0;80
128;1;70
128;2;60
128;3;50
128;4;40
128;5;30
128;6;20
128;7;10
129;0;10
129;1;10
129;2;10
129;3;10
129;4;10
129;5;10
129;6;10
129;7;10
130;0;10
130;1;10
130;2;10
130;3;10
130;4;10
130;5;10
130;6;10
130;7;10
131;0;80
131;1;70
131;2;60
131;3;50
131;4;40
131;5;30
131;6;20
131;7;10
132;0;10
132;1;10
132;2;10
132;3;10
132;4;10
132;5;10
132;6;10
132;7;10
133;0;80
133;1;70
133;2;60
133;3;50
133;4;40
133;5;30
133;6;20
133;7;10
134;0;10
134;1;10
134;2;10
134;3;10
134;4;10
134;5;10
134;6;10
134;7;10
135;0;10
135;1;20
135;2;30
135;3;40
135;4;50
135;5;60
135;6;70
135;7;80
136;0;80
136;1;70
136;2;60
136;3;50
136;4;40
136;5;30
136;6;20
136;7;10
137;0;10
137;1;20
137;2;30
137;3;40
137;4;50
137;5;60
137;6;70
137;7;80
138;0;80
138;1;70
138;2;60
138;3;50
138;4;40
138;5;30
138;6;20
138;7;10
139;0;10
139;1;10
139;2;10
139;3;10
139;4;10
139;5;10
139;6;10
139;7;10
140;0;10
140;1;10
140;2;10
140;3;10
140;4;10
140;5;10
140;6;10
140;7;10
141;0;80
141;1;70
141;2;60
141;3;50
141;4;40
141;5;30
141;6;20
141;7;10
142;0;10
142;1;10
142;2;10
142;3;10
142;4;10
142;5;10
142;6;10
142;7;10
143;0;10
143;1;10
143;2;10
143;3;10
143;4;10
143;5;10
143;6;10
143;7;10
144;0;10
144;1;10
144;2;10
144;3;10
144;4;10
144;5;10
144;6;10
144;7;10
145;0;80
145;1;70
145;2;60
145;3;50
145;4;40
145;5;30
145;6;20
145;7;10
146;0;10
146;1;20
146;2;30
146;3;40
146;4;50
146;5;60
146;6;70
146;7;80
147;0;10
147;1;20
147;2;30
147;3;40
147;4;50
147;5;60
147;6;70
147;7;80
148;0;80
148;1;70
148;2;60
148;3;50
148;4;40
148;5;30
148;6;20
148;7;10
149;0;10
149;1;10
149;2;10
149;3;10
149;4;10
149;5;10
149;6;10
149;7;10
150;0;10
150;1;20
150;2;30
150;3;40
150;4;50
150;5;60
150;6;70
150;7;80
151;0;10
151;1;10
151;2;10
151;3;10
151;4;10
151;5;10
151;6;10
151;7;10
152;0;10
152;1;20
152;2;30
152;3;40
152;4;50
152;5;60
152;6;70
152;7;80
153;0;10
153;1;20
153;2;30
153;3;40
153;4;50
153;5;60
153;6;70
153;7;80
154;0;80
154;1;70
154;2;60
154;3;50
154;4;40
154;5;30
154;6;20
154;7;10
155;0;80
155;1;70
155;2;60
155;3;50
155;4;40
155;5;30
155;6;20
155;7;10
156;0;10
156;1;10
156;2;10
156;3;10
156;4;10
156;5;10
156;6;10
156;7;10
157;0;10
157;1;20
157;2;30
157;3;40
157;4;50
157;5;60
157;6;70
157;7;80
158;0;10
158;1;10
158;2;10
158;3;10
158;4;10
158;5;10
158;6;10
158;7;10
159;0;10
159;1;10
159;2;10
159;3;10
159;4;10
159;5;10
159;6;10
159;7;10
160;0;10
160;1;10
160;2;10
160;3;10
160;4;10
160;5;10
160;6;10
160;7;10
161;0;10
161;1;20
161;2;30
161;3;40
161;4;50
161;5;60
161;6;70
161;7;80
162;0;10
162;1;20
162;2;30
162;3;40
162;4;50
162;5;60
162;6;70
162;7;80
163;0;80
163;1;70
163;2;60
163;3;50
163;4;40
163;5;30
163;6;20
163;7;10
164;0;10
164;1;20
164;2;30
164;3;40
164;4;50
164;5;60
164;6;70
164;7;80
165;0;80
165;1;70
165;2;60
165;3;50
165;4;40
165;5;30
165;6;20
165;7;10
166;0;80
166;1;70
166;2;60
166;3;50
166;4;40
166;5;30
166;6;20
166;7;10
167;0;10
167;1;20
167;2;30
167;3;40
167;4;50
167;5;60
167;6;70
167;7;80
168;0;80
168;1;70
168;2;60
168;3;50
168;4;40
168;5;30
168;6;20
168;7;10
169;0;80
169;1;70
169;2;60
169;3;50
169;4;40
169;5;30
169;6;20
169;7;10
170;0;80
170;1;70
170;2;60
170;3;50
170;4;40
170;5;30
170;6;20
170;7;10
171;0;10
171;1;20
171;2;30
171;3;40
171;4;50
171;5;60
171;6;70
171;7;80
172;0;10
172;1;10
172;2;10
172;3;10
172;4;10
172;5;10
172;6;10
172;7;10
173;0;10
173;1;10
173;2;10
173;3;10
173;4;10
173;5;10
173;6;10
173;7;10
174;0;10
174;1;20
174;2;30
174;3;40
174;4;50
174;5;60
174;6;70
174;7;80
175;0;10
175;1;10
175;2;10
175;3;10
175;4;10
175;5;10
175;6;10
175;7;10
176;0;10
176;1;10
176;2;10
176;3;10
176;4;10
176;5;10
176;6;10
176;7;10
177;0;10
177;1;10
177;2;10
177;3;10
177;4;10
177;5;10
177;6;10
177;7;10
178;0;10
178;1;10
178;2;10
178;3;10
178;4;10
178;5;10
178;6;10
178;7;10
179;0;10
179;1;10
179;2;10
179;3;10
179;4;10
179;5;10
179;6;10
179;7;10
180;0;10
180;1;10
180;2;10
180;3;10
180;4;10
180;5;10
180;6;10
180;7;10
181;0;10
181;1;10
181;2;10
181;3;10
181;4;10
181;5;10
181;6;10
181;7;10
182;0;10
182;1;10
182;2;10
182;3;10
182;4;10
182;5;10
182;6;10
182;7;10
183;0;10
183;1;10
183;2;10
183;3;10
183;4;10
183;5;10
183;6;10
183;7;10
184;0;10
184;1;20
184;2;30
184;3;40
184;4;50
184;5;60
184;6;70
184;7;80
185;0;80
185;1;70
185;2;60
185;3;50
185;4;40
185;5;30
185;6;20
185;7;10
186;0;80
186;1;70
186;2;60
186;3;50
186;4;40
186;5;30
186;6;20
186;7;10
187;0;10
187;1;10
187;2;10
187;3;10
187;4;10
187;5;10
187;6;10
187;7;10
188;0;10
188;1;10
188;2;10
188;3;10
188;4;10
188;5;10
188;6;10
188;7;10
189;0;10
189;1;20
189;2;30
189;3;40
189;4;50
189;5;60
189;6;70
189;7;80
190;0;80
190;1;70
190;2;60
190;3;50
190;4;40
190;5;30
190;6;20
190;7;10
191;0;10
191;1;20
191;2;30
191;3;40
191;4;50
191;5;60
191;6;70
191;7;80
192;0;80
192;1;70
192;2;60
192;3;50
192;4;40
192;5;30
192;6;20
192;7;10
193;0;80
193;1;70
193;2;60
193;3;50
193;4;40
193;5;30
193;6;20
193;7;10
194;0;80
194;1;70
194;2;60
194;3;50
194;4;40
194;5;30
194;6;20
194;7;10
195;0;10
195;1;20
195;2;30
195;3;40
195;4;50
195;5;60
195;6;70
195;7;80
196;0;80
196;1;70
196;2;60
196;3;50
196;4;40
196;5;30
196;6;20
196;7;10
197;0;80
197;1;70
197;2;60
197;3;50
197;4;40
197;5;30
197;6;20
197;7;10
198;0;80
198;1;70
198;2;60
198;3;50
198;4;40
198;5;30
198;6;20
198;7;10
199;0;80
199;1;70
199;2;60
199;3;50
199;4;40
199;5;30
199;6;20
199;7;10
200;0;10
200;1;10
200;2;10
200;3;10
200;4;10
200;5;10
200;6;10
200;7;10
201;0;10
201;1;10
201;2;10
201;3;10
201;4;10
201;5;10
201;6;10
201;7;10
202;0;10
202;1;20
202;2;30
202;3;40
202;4;50
202;5;60
202;6;70
202;7;80
203;0;80
203;1;70
203;2;60
203;3;50
203;4;40
203;5;30
203;6;20
203;7;10
204;0;10
204;1;20
204;2;30
204;3;40
204;4;50
204;5;60
204;6;70
204;7;80
205;0;80
205;1;70
205;2;60
205;3;50
205;4;40
205;5;30
205;6;20
205;7;10
206;0;80
206;1;70
206;2;60
206;3;50
206;4;40
206;5;30
206;6;20
206;7;10
207;0;10
207;1;10
207;2;10
207;3;10
207;4;10
207;5;10
207;6;10
207;7;10
208;0;10
208;1;20
208;2;30
208;3;40
208;4;50
208;5;60
208;6;70
208;7;80
209;0;10
209;1;10
209;2;10
209;3;10
209;4;10
209;5;10
209;6;10
209;7;10
210;0;10
210;1;10
210;2;10
210;3;10
210;4;10
210;5;10
210;6;10
210;7;10
211;0;10
211;1;10
211;2;10
211;3;10
211;4;10
211;5;10
211;6;10
211;7;10
212;0;10
212;1;10
212;2;10
212;3;10
212;4;10
212;5;10
212;6;10
212;7;10
213;0;10
213;1;10
213;2;10
213;3;10
213;4;10
213;5;10
213;6;10
213;7;10
214;0;10
214;1;10
214;2;10
214;3;10
214;4;10
214;5;10
214;6;10
214;7;10
215;0;10
215;1;20
215;2;30
215;3;40
215;4;50
215;5;60
215;6;70
215;7;80
216;0;80
216;1;70
216;2;60
216;3;50
216;4;40
216;5;30
216;6;20
216;7;10
217;0;80
217;1;70
217;2;60
217;3;50
217;4;40
217;5;30
217;6;20
217;7;10
218;0;10
218;1;10
218;2;10
218;3;10
218;4;10
218;5;10
218;6;10
218;7;10
219;0;10
219;1;10
219;2;10
219;3;10
219;4;10
219;5;10
219;6;10
219;7;10
220;0;10
220;1;10
220;2;10
220;3;10
220;4;10
220;5;10
220;6;10
220;7;10
221;0;10
221;1;10
221;2;10
221;3;10
221;4;10
221;5;10
221;6;10
221;7;10
222;0;10
222;1;20
222;2;30
222;3;40
222;4;50
222;5;60
222;6;70
222;7;80
223;0;80
223;1;70
223;2;60
223;3;50
223;4;40
223;5;30
223;6;20
223;7;10
224;0;10
224;1;10
224;2;10
224;3;10
224;4;10
224;5;10
224;6;10
224;7;10
225;0;80
225;1;70
225;2;60
225;3;50
225;4;40
225;5;30
225;6;20
225;7;10
226;0;80
226;1;70
226;2;60
226;3;50
226;4;40
226;5;30
226;6;20
226;7;10
227;0;10
227;1;10
227;2;10
227;3;10
227;4;10
227;5;10
227;6;10
227;7;10
228;0;10
228;1;20
228;2;30
228;3;40
228;4;50
228;5;60
228;6;70
228;7;80
229;0;10
229;1;20
229;2;30
229;3;40
229;4;50
229;5;60
229;6;70
229;7;80
230;0;10
230;1;20
230;2;30
230;3;40
230;4;50
230;5;60
230;6;70
230;7;80
231;0;10
231;1;10
231;2;10
231;3;10
231;4;10
231;5;10
231;6;10
231;7;10
232;0;80
232;1;70
232;2;60
232;3;50
232;4;40
232;5;30
232;6;20
232;7;10
233;0;80
233;1;70
233;2;60
233;3;50
233;4;40
233;5;30
233;6;20
233;7;10
234;0;10
234;1;20
234;2;30
234;3;40
234;4;50
234;5;60
234;6;70
234;7;80
235;0;80
235;1;70
235;2;60
235;3;50
235;4;40
235;5;30
235;6;20
235;7;10
236;0;10
236;1;10
236;2;10
236;3;10
236;4;10
236;5;10
236;6;10
236;7;10
237;0;80
237;1;70
237;2;60
237;3;50
237;4;40
237;5;30
237;6;20
237;7;10
238;0;80
238;1;70
238;2;60
238;3;50
238;4;40
238;5;30
238;6;20
238;7;10
239;0;10
239;1;20
239;2;30
239;3;40
239;4;50
239;5;60
239;6;70
239;7;80
240;0;80
240;1;70
240;2;60
240;3;50
240;4;40
240;5;30
240;6;20
240;7;10
241;0;10
241;1;20
241;2;30
241;3;40
241;4;50
241;5;60
241;6;70
241;7;80
242;0;10
242;1;10
242;2;10
242;3;10
242;4;10
242;5;10
242;6;10
242;7;10
243;0;10
243;1;10
243;2;10
243;3;10
243;4;10
243;5;10
243;6;10
243;7;10
244;0;10
244;1;10
244;2;10
244;3;10
244;4;10
244;5;10
244;6;10
244;7;10
245;0;10
245;1;10
245;2;10
245;3;10
245;4;10
245;5;10
245;6;10
245;7;10
246;0;10
246;1;20
246;2;30
246;3;40
246;4;50
246;5;60
246;6;70
246;7;80
247;0;80
247;1;70
247;2;60
247;3;50
247;4;40
247;5;30
247;6;20
247;7;10
248;0;10
248;1;10
248;2;10
248;3;10
248;4;10
248;5;10
248;6;10
248;7;10
249;0;10
249;1;20
249;2;30
249;3;40
249;4;50
249;5;60
249;6;70
249;7;80
250;0;80
250;1;70
250;2;60
250;3;50
250;4;40
250;5;30
250;6;20
250;7;10
251;0;10
251;1;20
251;2;30
251;3;40
251;4;50
251;5;60
251;6;70
251;7;80
252;0;80
252;1;70
252;2;60
252;3;50
252;4;40
252;5;30
252;6;20
252;7;10
253;0;10
253;1;10
253;2;10
253;3;10
253;4;10
253;5;10
253;6;10
253;7;10
254;0;80
254;1;70
254;2;60
254;3;50
254;4;40
254;5;30
254;6;20
254;7;10
255;0;80
255;1;70
255;2;60
255;3;50
255;4;40
255;5;30
255;6;20
255;7;10
256;0;10
256;1;10
256;2;10
256;3;10
256;4;10
256;5;10
256;6;10
256;7;10
257;0;80
257;1;70
257;2;60
257;3;50
257;4;40
257;5;30
257;6;20
257;7;10
258;0;80
258;1;70
258;2;60
258;3;50
258;4;40
258;5;30
258;6;20
258;7;10
259;0;10
259;1;20
259;2;30
259;3;40
259;4;50
259;5;60
259;6;70
259;7;80
260;0;10
260;1;10
260;2;10
260;3;10
260;4;10
260;5;10
260;6;10
260;7;10
261;0;80
261;1;70
261;2;60
261;3;50
261;4;40
261;5;30
261;6;20
261;7;10
262;0;80
262;1;70
262;2;60
262;3;50
262;4;40
262;5;30
262;6;20
262;7;10
263;0;10
263;1;10
263;2;10
263;3;10
263;4;10
263;5;10
263;6;10
263;7;10
264;0;10
264;1;10
264;2;10
264;3;10
264;4;10
264;5;10
264;6;10
264;7;10
265;0;10
265;1;10
265;2;10
265;3;10
265;4;10
265;5;10
265;6;10
265;7;10
266;0;10
266;1;10
266;2;10
266;3;10
266;4;10
266;5;10
266;6;10
266;7;10
267;0;80
267;1;70
267;2;60
267;3;50
267;4;40
267;5;30
267;6;20
267;7;10
268;0;10
268;1;10
268;2;10
268;3;10
268;4;10
268;5;10
268;6;10
268;7;10
269;0;10
269;1;10
269;2;10
269;3;10
269;4;10
269;5;10
269;6;10
269;7;10
270;0;10
270;1;20
270;2;30
270;3;40
270;4;50
270;5;60
270;6;70
270;7;80
271;0;10
271;1;20
271;2;30
271;3;40
271;4;50
271;5;60
271;6;70
271;7;80
272;0;10
272;1;20
272;2;30
272;3;40
272;4;50
272;5;60
272;6;70
272;7;80
273;0;10
273;1;10
273;2;10
273;3;10
273;4;10
273;5;10
273;6;10
273;7;10
274;0;10
274;1;10
274;2;10
274;3;10
274;4;10
274;5;10
274;6;10
274;7;10
275;0;10
275;1;20
275;2;30
275;3;40
275;4;50
275;5;60
275;6;70
275;7;80
276;0;10
276;1;10
276;2;10
276;3;10
276;4;10
276;5;10
276;6;10
276;7;10
277;0;10
277;1;20
277;2;30
277;3;40
277;4;50
277;5;60
277;6;70
277;7;80
278;0;10
278;1;20
278;2;30
278;3;40
278;4;50
278;5;60
278;6;70
278;7;80
279;0;10
279;1;10
279;2;10
279;3;10
279;4;10
279;5;10
279;6;10
279;7;10
280;0;80
280;1;70
280;2;60
280;3;50
280;4;40
280;5;30
280;6;20
280;7;10
281;0;10
281;1;20
281;2;30
281;3;40
281;4;50
281;5;60
281;6;70
281;7;80
282;0;10
282;1;10
282;2;10
282;3;10
282;4;10
282;5;10
282;6;10
282;7;10
283;0;10
283;1;10
283;2;10
283;3;10
283;4;10
283;5;10
283;6;10
283;7;10
284;0;80
284;1;70
284;2;60
284;3;50
284;4;40
284;5;30
284;6;20
284;7;10
285;0;10
285;1;10
285;2;10
285;3;10
285;4;10
285;5;10
285;6;10
285;7;10
286;0;10
286;1;10
286;2;10
286;3;10
286;4;10
286;5;10
286;6;10
286;7;10
287;0;80
287;1;70
287;2;60
287;3;50
287;4;40
287;5;30
287;6;20
287;7;10
288;0;80
288;1;70
288;2;60
288;3;50
288;4;40
288;5;30
288;6;20
288;7;10
289;0;80
289;1;70
289;2;60
289;3;50
289;4;40
289;5;30
289;6;20
289;7;10
290;0;10
290;1;10
290;2;10
290;3;10
290;4;10
290;5;10
290;6;10
290;7;10
291;0;80
291;1;70
291;2;60
291;3;50
291;4;40
291;5;30
291;6;20
291;7;10
292;0;80
292;1;70
292;2;60
292;3;50
292;4;40
292;5;30
292;6;20
292;7;10
293;0;80
293;1;70
293;2;60
293;3;50
293;4;40
293;5;30
293;6;20
293;7;10
294;0;10
294;1;20
294;2;30
294;3;40
294;4;50
294;5;60
294;6;70
294;7;80
295;0;80
295;1;70
295;2;60
295;3;50
295;4;40
295;5;30
295;6;20
295;7;10
296;0;10
296;1;10
296;2;10
296;3;10
296;4;10
296;5;10
296;6;10
296;7;10
297;0;10
297;1;20
297;2;30
297;3;40
297;4;50
297;5;60
297;6;70
297;7;80
298;0;10
298;1;10
298;2;10
298;3;10
298;4;10
298;5;10
298;6;10
298;7;10
299;0;10
299;1;10
299;2;10
299;3;10
299;4;10
299;5;10
299;6;10
299;7;10
300;0;80
300;1;70
300;2;60
300;3;50
300;4;40
300;5;30
300;6;20
300;7;10
301;0;10
301;1;10
301;2;10
301;3;10
301;4;10
301;5;10
301;6;10
301;7;10
302;0;10
302;1;10
302;2;10
302;3;10
302;4;10
302;5;10
302;6;10
302;7;10
303;0;10
303;1;10
303;2;10
303;3;10
303;4;10
303;5;10
303;6;10
303;7;10
304;0;80
304;1;70
304;2;60
304;3;50
304;4;40
304;5;30
304;6;20
304;7;10
305;0;10
305;1;20
305;2;30
305;3;40
305;4;50
305;5;60
305;6;70
305;7;80
306;0;80
306;1;70
306;2;60
306;3;50
306;4;40
306;5;30
306;6;20
306;7;10
307;0;10
307;1;20
307;2;30
307;3;40
307;4;50
307;5;60
307;6;70
307;7;80
308;0;10
308;1;10
308;2;10
308;3;10
308;4;10
308;5;10
308;6;10
308;7;10
309;0;10
309;1;20
309;2;30
309;3;40
309;4;50
309;5;60
309;6;70
309;7;80
310;0;10
310;1;20
310;2;30
310;3;40
310;4;50
310;5;60
310;6;70
310;7;80
311;0;10
311;1;20
311;2;30
311;3;40
311;4;50
311;5;60
311;6;70
311;7;80
312;0;10
312;1;20
312;2;30
312;3;40
312;4;50
312;5;60
312;6;70
312;7;80
313;0;10
313;1;10
313;2;10
313;3;10
313;4;10
313;5;10
313;6;10
313;7;10
314;0;10
314;1;20
314;2;30
314;3;40
314;4;50
314;5;60
314;6;70
314;7;80
315;0;80
315;1;70
315;2;60
315;3;50
315;4;40
315;5;30
315;6;20
315;7;10
316;0;80
316;1;70
316;2;60
316;3;50
316;4;40
316;5;30
316;6;20
316;7;10
317;0;80
317;1;70
317;2;60
317;3;50
317;4;40
317;5;30
317;6;20
317;7;10
318;0;10
318;1;10
318;2;10
318;3;10
318;4;10
318;5;10
318;6;10
318;7;10
319;0;80
319;1;70
319;2;60
319;3;50
319;4;40
319;5;30
319;6;20
319;7;10
320;0;80
320;1;70
320;2;60
320;3;50
320;4;40
320;5;30
320;6;20
320;7;10
321;0;10
321;1;10
321;2;10
321;3;10
321;4;10
321;5;10
321;6;10
321;7;10
322;0;10
322;1;10
322;2;10
322;3;10
322;4;10
322;5;10
322;6;10
322;7;10
323;0;10
323;1;10
323;2;10
323;3;10
323;4;10
323;5;10
323;6;10
323;7;10
324;0;80
324;1;70
324;2;60
324;3;50
324;4;40
324;5;30
324;6;20
324;7;10
325;0;10
325;1;10
325;2;10
325;3;10
325;4;10
325;5;10
325;6;10
325;7;10
326;0;10
326;1;20
326;2;30
326;3;40
326;4;50
326;5;60
326;6;70
326;7;80
327;0;10
327;1;20
327;2;30
327;3;40
327;4;50
327;5;60
327;6;70
327;7;80
328;0;10
328;1;20
328;2;30
328;3;40
328;4;50
328;5;60
328;6;70
328;7;80
329;0;80
329;1;70
329;2;60
329;3;50
329;4;40
329;5;30
329;6;20
329;7;10
330;0;10
330;1;10
330;2;10
330;3;10
330;4;10
330;5;10
330;6;10
330;7;10
331;0;10
331;1;20
331;2;30
331;3;40
331;4;50
331;5;60
331;6;70
331;7;80
332;0;10
332;1;10
332;2;10
332;3;10
332;4;10
332;5;10
332;6;10
332;7;10
333;0;80
333;1;70
333;2;60
333;3;50
333;4;40
333;5;30
333;6;20
333;7;10
334;0;10
334;1;10
334;2;10
334;3;10
334;4;10
334;5;10
334;6;10
334;7;10
335;0;10
335;1;20
335;2;30
335;3;40
335;4;50
335;5;60
335;6;70
335;7;80
336;0;80
336;1;70
336;2;60
336;3;50
336;4;40
336;5;30
336;6;20
336;7;10
337;0;10
337;1;20
337;2;30
337;3;40
337;4;50
337;5;60
337;6;70
337;7;80
338;0;80
338;1;70
338;2;60
338;3;50
338;4;40
338;5;30
338;6;20
338;7;10
339;0;10
339;1;20
339;2;30
339;3;40
339;4;50
339;5;60
339;6;70
339;7;80
340;0;10
340;1;20
340;2;30
340;3;40
340;4;50
340;5;60
340;6;70
340;7;80
341;0;10
341;1;20
341;2;30
341;3;40
341;4;50
341;5;60
341;6;70
341;7;80
342;0;10
342;1;20
342;2;30
342;3;40
342;4;50
342;5;60
342;6;70
342;7;80
343;0;10
343;1;20
343;2;30
343;3;40
343;4;50
343;5;60
343;6;70
343;7;80
344;0;80
344;1;70
344;2;60
344;3;50
344;4;40
344;5;30
344;6;20
344;7;10
345;0;10
345;1;10
345;2;10
345;3;10
345;4;10
345;5;10
345;6;10
345;7;10
346;0;10
346;1;20
346;2;30
346;3;40
346;4;50
346;5;60
346;6;70
346;7;80
347;0;80
347;1;70
347;2;60
347;3;50
347;4;40
347;5;30
347;6;20
347;7;10
348;0;10
348;1;10
348;2;10
348;3;10
348;4;10
348;5;10
348;6;10
348;7;10
349;0;80
349;1;70
349;2;60
349;3;50
349;4;40
349;5;30
349;6;20
349;7;10
350;0;80
350;1;70
350;2;60
350;3;50
350;4;40
350;5;30
350;6;20
350;7;10
351;0;10
351;1;20
351;2;30
351;3;40
351;4;50
351;5;60
351;6;70
351;7;80
352;0;80
352;1;70
352;2;60
352;3;50
352;4;40
352;5;30
352;6;20
352;7;10
353;0;80
353;1;70
353;2;60
353;3;50
353;4;40
353;5;30
353;6;20
353;7;10
354;0;80
354;1;70
354;2;60
354;3;50
354;4;40
354;5;30
354;6;20
354;7;10
355;0;10
355;1;20
355;2;30
355;3;40
355;4;50
355;5;60
355;6;70
355;7;80
356;0;10
356;1;10
356;2;10
356;3;10
356;4;10
356;5;10
356;6;10
356;7;10
357;0;80
357;1;70
357;2;60
357;3;50
357;4;40
357;5;30
357;6;20
357;7;10
358;0;10
358;1;20
358;2;30
358;3;40
358;4;50
358;5;60
358;6;70
358;7;80
359;0;10
359;1;10
359;2;10
359;3;10
359;4;10
359;5;10
359;6;10
359;7;10
360;0;80
360;1;70
360;2;60
360;3;50
360;4;40
360;5;30
360;6;20
360;7;10
361;0;80
361;1;70
361;2;60
361;3;50
361;4;40
361;5;30
361;6;20
361;7;10
362;0;10
362;1;10
362;2;10
362;3;10
362;4;10
362;5;10
362;6;10
362;7;10
363;0;80
363;1;70
363;2;60
363;3;50
363;4;40
363;5;30
363;6;20
363;7;10
364;0;10
364;1;10
364;2;10
364;3;10
364;4;10
364;5;10
364;6;10
364;7;10
365;0;10
365;1;10
365;2;10
365;3;10
365;4;10
365;5;10
365;6;10
365;7;10
366;0;10
366;1;20
366;2;30
366;3;40
366;4;50
366;5;60
366;6;70
366;7;80
367;0;10
367;1;20
367;2;30
367;3;40
367;4;50
367;5;60
367;6;70
367;7;80
368;0;80
368;1;70
368;2;60
368;3;50
368;4;40
368;5;30
368;6;20
368;7;10
369;0;80
369;1;70
369;2;60
369;3;50
369;4;40
369;5;30
369;6;20
369;7;10
370;0;10
370;1;10
370;2;10
370;3;10
370;4;10
370;5;10
370;6;10
370;7;10
371;0;80
371;1;70
371;2;60
371;3;50
371;4;40
371;5;30
371;6;20
371;7;10
372;0;10
372;1;20
372;2;30
372;3;40
372;4;50
372;5;60
372;6;70
372;7;80
373;0;10
373;1;20
373;2;30
373;3;40
373;4;50
373;5;60
373;6;70
373;7;80
374;0;10
374;1;10
374;2;10
374;3;10
374;4;10
374;5;10
374;6;10
374;7;10
375;0;10
375;1;20
375;2;30
375;3;40
375;4;50
375;5;60
375;6;70
375;7;80
376;0;10
376;1;10
376;2;10
376;3;10
376;4;10
376;5;10
376;6;10
376;7;10
377;0;80
377;1;70
377;2;60
377;3;50
377;4;40
377;5;30
377;6;20
377;7;10
378;0;10
378;1;20
378;2;30
378;3;40
378;4;50
378;5;60
378;6;70
378;7;80
379;0;10
379;1;10
379;2;10
379;3;10
379;4;10
379;5;10
379;6;10
379;7;10
380;0;10
380;1;10
380;2;10
380;3;10
380;4;10
380;5;10
380;6;10
380;7;10
381;0;10
381;1;10
381;2;10
381;3;10
381;4;10
381;5;10
381;6;10
381;7;10
382;0;80
382;1;70
382;2;60
382;3;50
382;4;40
382;5;30
382;6;20
382;7;10
383;0;10
383;1;10
383;2;10
383;3;10
383;4;10
383;5;10
383;6;10
383;7;10
384;0;10
384;1;10
384;2;10
384;3;10
384;4;10
384;5;10
384;6;10
384;7;10
385;0;80
385;1;70
385;2;60
385;3;50
385;4;40
385;5;30
385;6;20
385;7;10
386;0;80
386;1;70
386;2;60
386;3;50
386;4;40
386;5;30
386;6;20
386;7;10
387;0;10
387;1;10
387;2;10
387;3;10
387;4;10
387;5;10
387;6;10
387;7;10
388;0;80
388;1;70
388;2;60
388;3;50
388;4;40
388;5;30
388;6;20
388;7;10
389;0;10
389;1;20
389;2;30
389;3;40
389;4;50
389;5;60
389;6;70
389;7;80
390;0;80
390;1;70
390;2;60
390;3;50
390;4;40
390;5;30
390;6;20
390;7;10
391;0;80
391;1;70
391;2;60
391;3;50
391;4;40
391;5;30
391;6;20
391;7;10
392;0;10
392;1;20
392;2;30
392;3;40
392;4;50
392;5;60
392;6;70
392;7;80
393;0;10
393;1;20
393;2;30
393;3;40
393;4;50
393;5;60
393;6;70
393;7;80
394;0;10
394;1;20
394;2;30
394;3;40
394;4;50
394;5;60
394;6;70
394;7;80
395;0;80
395;1;70
395;2;60
395;3;50
395;4;40
395;5;30
395;6;20
395;7;10
396;0;10
396;1;10
396;2;10
396;3;10
396;4;10
396;5;10
396;6;10
396;7;10
397;0;80
397;1;70
397;2;60
397;3;50
397;4;40
397;5;30
397;6;20
397;7;10
398;0;10
398;1;10
398;2;10
398;3;10
398;4;10
398;5;10
398;6;10
398;7;10
399;0;80
399;1;70
399;2;60
399;3;50
399;4;40
399;5;30
399;6;20
399;7;10
400;0;10
400;1;10
400;2;10
400;3;10
400;4;10
400;5;10
400;6;10
400;7;10
401;0;10
401;1;20
401;2;30
401;3;40
401;4;50
401;5;60
401;6;70
401;7;80
402;0;10
402;1;20
402;2;30
402;3;40
402;4;50
402;5;60
402;6;70
402;7;80
403;0;80
403;1;70
403;2;60
403;3;50
403;4;40
403;5;30
403;6;20
403;7;10
404;0;10
404;1;20
404;2;30
404;3;40
404;4;50
404;5;60
404;6;70
404;7;80
405;0;10
405;1;20
405;2;30
405;3;40
405;4;50
405;5;60
405;6;70
405;7;80
406;0;10
406;1;20
406;2;30
406;3;40
406;4;50
406;5;60
406;6;70
406;7;80
407;0;10
407;1;10
407;2;10
407;3;10
407;4;10
407;5;10
407;6;10
407;7;10
408;0;10
408;1;10
408;2;10
408;3;10
408;4;10
408;5;10
408;6;10
408;7;10
409;0;10
409;1;10
409;2;10
409;3;10
409;4;10
409;5;10
409;6;10
409;7;10
410;0;80
410;1;70
410;2;60
410;3;50
410;4;40
410;5;30
410;6;20
410;7;10
411;0;10
411;1;20
411;2;30
411;3;40
411;4;50
411;5;60
411;6;70
411;7;80
412;0;80
412;1;70
412;2;60
412;3;50
412;4;40
412;5;30
412;6;20
412;7;10
413;0;10
413;1;10
413;2;10
413;3;10
413;4;10
413;5;10
413;6;10
413;7;10
414;0;10
414;1;10
414;2;10
414;3;10
414;4;10
414;5;10
414;6;10
414;7;10
415;0;80
415;1;70
415;2;60
415;3;50
415;4;40
415;5;30
415;6;20
415;7;10
416;0;10
416;1;20
416;2;30
416;3;40
416;4;50
416;5;60
416;6;70
416;7;80
417;0;80
417;1;70
417;2;60
417;3;50
417;4;40
417;5;30
417;6;20
417;7;10
418;0;10
418;1;10
418;2;10
418;3;10
418;4;10
418;5;10
418;6;10
418;7;10
419;0;80
419;1;70
419;2;60
419;3;50
419;4;40
419;5;30
419;6;20
419;7;10
420;0;10
420;1;20
420;2;30
420;3;40
420;4;50
420;5;60
420;6;70
420;7;80
421;0;10
421;1;20
421;2;30
421;3;40
421;4;50
421;5;60
421;6;70
421;7;80
422;0;10
422;1;20
422;2;30
422;3;40
422;4;50
422;5;60
422;6;70
422;7;80
423;0;10
423;1;20
423;2;30
423;3;40
423;4;50
423;5;60
423;6;70
423;7;80
424;0;10
424;1;10
424;2;10
424;3;10
424;4;10
424;5;10
424;6;10
424;7;10
425;0;10
425;1;10
425;2;10
425;3;10
425;4;10
425;5;10
425;6;10
425;7;10
426;0;10
426;1;10
426;2;10
426;3;10
426;4;10
426;5;10
426;6;10
426;7;10
427;0;10
427;1;10
427;2;10
427;3;10
427;4;10
427;5;10
427;6;10
427;7;10
428;0;10
428;1;10
428;2;10
428;3;10
428;4;10
428;5;10
428;6;10
428;7;10
429;0;10
429;1;20
429;2;30
429;3;40
429;4;50
429;5;60
429;6;70
429;7;80
430;0;80
430;1;70
430;2;60
430;3;50
430;4;40
430;5;30
430;6;20
430;7;10
431;0;10
431;1;20
431;2;30
431;3;40
431;4;50
431;5;60
431;6;70
431;7;80
432;0;80
432;1;70
432;2;60
432;3;50
432;4;40
432;5;30
432;6;20
432;7;10
433;0;10
433;1;10
433;2;10
433;3;10
433;4;10
433;5;10
433;6;10
433;7;10
434;0;10
434;1;10
434;2;10
434;3;10
434;4;10
434;5;10
434;6;10
434;7;10
435;0;10
435;1;10
435;2;10
435;3;10
435;4;10
435;5;10
435;6;10
435;7;10
436;0;10
436;1;20
436;2;30
436;3;40
436;4;50
436;5;60
436;6;70
436;7;80
437;0;10
437;1;10
437;2;10
437;3;10
437;4;10
437;5;10
437;6;10
437;7;10
438;0;80
438;1;70
438;2;60
438;3;50
438;4;40
438;5;30
438;6;20
438;7;10
439;0;10
439;1;10
439;2;10
439;3;10
439;4;10
439;5;10
439;6;10
439;7;10
440;0;10
440;1;10
440;2;10
440;3;10
440;4;10
440;5;10
440;6;10
440;7;10
441;0;10
441;1;20
441;2;30
441;3;40
441;4;50
441;5;60
441;6;70
441;7;80
442;0;10
442;1;10
442;2;10
442;3;10
442;4;10
442;5;10
442;6;10
442;7;10
443;0;10
443;1;10
443;2;10
443;3;10
443;4;10
443;5;10
443;6;10
443;7;10
444;0;10
444;1;10
444;2;10
444;3;10
444;4;10
444;5;10
444;6;10
444;7;10
445;0;10
445;1;20
445;2;30
445;3;40
445;4;50
445;5;60
445;6;70
445;7;80
446;0;80
446;1;70
446;2;60
446;3;50
446;4;40
446;5;30
446;6;20
446;7;10
447;0;80
447;1;70
447;2;60
447;3;50
447;4;40
447;5;30
447;6;20
447;7;10
448;0;10
448;1;20
448;2;30
448;3;40
448;4;50
448;5;60
448;6;70
448;7;80
449;0;10
449;1;20
449;2;30
449;3;40
449;4;50
449;5;60
449;6;70
449;7;80
450;0;10
450;1;20
450;2;30
450;3;40
450;4;50
450;5;60
450;6;70
450;7;80
451;0;80
451;1;70
451;2;60
451;3;50
451;4;40
451;5;30
451;6;20
451;7;10
452;0;80
452;1;70
452;2;60
452;3;50
452;4;40
452;5;30
452;6;20
452;7;10
453;0;80
453;1;70
453;2;60
453;3;50
453;4;40
453;5;30
453;6;20
453;7;10
454;0;80
454;1;70
454;2;60
454;3;50
454;4;40
454;5;30
454;6;20
454;7;10
455;0;10
455;1;10
455;2;10
455;3;10
455;4;10
455;5;10
455;6;10
455;7;10
456;0;10
456;1;10
456;2;10
456;3;10
456;4;10
456;5;10
456;6;10
456;7;10
457;0;80
457;1;70
457;2;60
457;3;50
457;4;40
457;5;30
457;6;20
457;7;10
458;0;80
458;1;70
458;2;60
458;3;50
458;4;40
458;5;30
458;6;20
458;7;10
459;0;80
459;1;70
459;2;60
459;3;50
459;4;40
459;5;30
459;6;20
459;7;10
460;0;10
460;1;10
460;2;10
460;3;10
460;4;10
460;5;10
460;6;10
460;7;10
461;0;10
461;1;10
461;2;10
461;3;10
461;4;10
461;5;10
461;6;10
461;7;10
462;0;10
462;1;20
462;2;30
462;3;40
462;4;50
462;5;60
462;6;70
462;7;80
463;0;80
463;1;70
463;2;60
463;3;50
463;4;40
463;5;30
463;6;20
463;7;10
464;0;10
464;1;10
464;2;10
464;3;10
464;4;10
464;5;10
464;6;10
464;7;10
465;0;10
465;1;20
465;2;30
465;3;40
465;4;50
465;5;60
465;6;70
465;7;80
466;0;10
466;1;20
466;2;30
466;3;40
466;4;50
466;5;60
466;6;70
466;7;80
467;0;10
467;1;10
467;2;10
467;3;10
467;4;10
467;5;10
467;6;10
467;7;10
468;0;80
468;1;70
468;2;60
468;3;50
468;4;40
468;5;30
468;6;20
468;7;10
469;0;10
469;1;10
469;2;10
469;3;10
469;4;10
469;5;10
469;6;10
469;7;10
470;0;10
470;1;10
470;2;10
470;3;10
470;4;10
470;5;10
470;6;10
470;7;10
471;0;80
471;1;70
471;2;60
471;3;50
471;4;40
471;5;30
471;6;20
471;7;10
472;0;80
472;1;70
472;2;60
472;3;50
472;4;40
472;5;30
472;6;20
472;7;10
473;0;80
473;1;70
473;2;60
473;3;50
473;4;40
473;5;30
473;6;20
473;7;10
474;0;10
474;1;10
474;2;10
474;3;10
474;4;10
474;5;10
474;6;10
474;7;10
475;0;10
475;1;20
475;2;30
475;3;40
475;4;50
475;5;60
475;6;70
475;7;80
476;0;80
476;1;70
476;2;60
476;3;50
476;4;40
476;5;30
476;6;20
476;7;10
477;0;80
477;1;70
477;2;60
477;3;50
477;4;40
477;5;30
477;6;20
477;7;10
478;0;10
478;1;10
478;2;10
478;3;10
478;4;10
478;5;10
478;6;10
478;7;10
479;0;10
479;1;10
479;2;10
479;3;10
479;4;10
479;5;10
479;6;10
479;7;10
480;0;10
480;1;10
480;2;10
480;3;10
480;4;10
480;5;10
480;6;10
480;7;10
481;0;80
481;1;70
481;2;60
481;3;50
481;4;40
481;5;30
481;6;20
481;7;10
482;0;10
482;1;20
482;2;30
482;3;40
482;4;50
482;5;60
482;6;70
482;7;80
483;0;80
483;1;70
483;2;60
483;3;50
483;4;40
483;5;30
483;6;20
483;7;10
484;0;80
484;1;70
484;2;60
484;3;50
484;4;40
484;5;30
484;6;20
484;7;10
485;0;80
485;1;70
485;2;60
485;3;50
485;4;40
485;5;30
485;6;20
485;7;10
486;0;10
486;1;10
486;2;10
486;3;10
486;4;10
486;5;10
486;6;10
486;7;10
487;0;80
487;1;70
487;2;60
487;3;50
487;4;40
487;5;30
487;6;20
487;7;10
488;0;10
488;1;20
488;2;30
488;3;40
488;4;50
488;5;60
488;6;70
488;7;80
489;0;10
489;1;20
489;2;30
489;3;40
489;4;50
489;5;60
489;6;70
489;7;80
490;0;10
490;1;10
490;2;10
490;3;10
490;4;10
490;5;10
490;6;10
490;7;10
491;0;80
491;1;70
491;2;60
491;3;50
491;4;40
491;5;30
491;6;20
491;7;10
492;0;10
492;1;20
492;2;30
492;3;40
492;4;50
492;5;60
492;6;70
492;7;80
493;0;10
493;1;10
493;2;10
493;3;10
493;4;10
493;5;10
493;6;10
493;7;10
494;0;10
494;1;20
494;2;30
494;3;40
494;4;50
494;5;60
494;6;70
494;7;80
495;0;10
495;1;10
495;2;10
495;3;10
495;4;10
495;5;10
495;6;10
495;7;10
496;0;10
496;1;10
496;2;10
496;3;10
496;4;10
496;5;10
496;6;10
496;7;10
497;0;10
497;1;20
497;2;30
497;3;40
497;4;50
497;5;60
497;6;70
497;7;80
498;0;10
498;1;20
498;2;30
498;3;40
498;4;50
498;5;60
498;6;70
498;7;80
499;0;10
499;1;10
499;2;10
499;3;10
499;4;10
499;5;10
499;6;10
499;7;10
