100;50;200
0;33;100
1;33;10
1;34;10
2;33;100
2;35;100
3;34;70
3;36;10
4;34;50
4;37;10
5;34;70
5;38;100
6;35;100
6;39;10
7;31;100
7;35;50
7;40;100
8;29;70
8;35;10
8;41;70
9;27;10
9;36;10
9;42;50
10;25;70
10;36;100
10;43;50
11;23;70
11;36;100
11;44;70
12;21;50
12;36;10
12;45;50
13;19;100
13;37;100
13;46;100
14;17;50
14;37;100
14;47;100
15;15;50
15;37;10
15;48;50
16;13;70
16;37;100
16;49;10
17;11;50
17;38;50
18;9;10
18;38;50
19;7;100
19;38;100
20;5;70
20;38;50
21;3;50
21;32;70
21;39;50
22;1;100
22;32;10
22;39;100
23;32;10
23;39;10
24;32;100
24;39;70
25;30;100
25;40;10
26;30;50
26;40;10
27;30;100
27;31;10
27;40;100
28;30;50
28;40;50
29;28;50
29;41;10
30;28;100
30;41;50
31;28;50
31;29;10
31;41;10
32;28;10
32;41;100
33;26;70
33;42;70
34;26;100
34;42;70
35;26;100
35;42;70
36;26;70
36;27;50
36;42;70
37;26;50
37;42;10
38;24;50
38;43;70
39;24;50
39;43;100
40;24;10
40;43;70
41;24;10
41;25;50
41;43;10
42;24;70
42;43;10
43;22;50
43;44;50
44;22;70
44;44;100
45;22;10
45;44;50
46;22;100
46;23;70
46;44;70
47;22;70
47;44;70
48;20;100
48;45;100
49;20;70
49;45;70
50;20;70
50;45;10
51;20;50
51;21;50
51;45;10
52;20;70
52;45;100
53;18;10
53;46;70
54;18;10
54;46;70
55;18;100
55;46;50
56;18;100
56;19;50
56;46;100
57;18;10
57;46;100
58;16;70
58;47;100
59;16;10
59;47;10
60;16;50
60;47;100
61;16;50
61;17;50
61;47;50
62;16;50
62;47;100
63;14;50
63;48;100
64;14;50
64;48;50
65;14;100
65;48;10
66;14;10
66;15;100
66;48;10
67;14;50
67;48;50
68;12;10
68;49;50
69;12;50
69;49;50
70;12;10
70;49;70
71;12;50
71;13;50
71;49;50
72;12;10
72;49;10
73;10;100
74;10;50
75;10;50
76;10;50
76;11;10
77;10;70
78;8;70
79;8;50
80;8;50
81;8;10
81;9;70
82;8;100
83;6;50
84;6;70
85;6;50
86;6;10
86;7;100
87;6;100
88;4;100
89;4;50
90;4;70
91;4;50
91;5;70
92;4;100
93;2;50
94;2;70
95;2;50
96;2;100
96;3;50
97;2;100
98;0;100
98;1;70
99;0;50
0;0;80
0;1;70
0;2;60
0;3;50
0;4;40
0;5;30
0;6;20
0;7;10
1;0;80
1;1;70
1;2;60
1;3;50
1;4;40
1;5;30
1;6;20
1;7;10
2;0;10
2;1;10
2;2;10
2;3;10
2;4;10
2;5;10
2;6;10
2;7;10
3;0;80
3;1;70
3;2;60
3;3;50
3;4;40
3;5;30
3;6;20
3;7;10
4;0;80
4;1;70
4;2;60
4;3;50
4;4;40
4;5;30
4;6;20
4;7;10
5;0;80
5;1;70
5;2;60
5;3;50
5;4;40
5;5;30
5;6;20
5;7;10
6;0;10
6;1;20
6;2;30
6;3;40
6;4;50
6;5;60
6;6;70
6;7;80
7;0;10
7;1;10
7;2;10
7;3;10
7;4;10
7;5;10
7;6;10
7;7;10
8;0;10
8;1;10
8;2;10
8;3;10
8;4;10
8;5;10
8;6;10
8;7;10
9;0;10
9;1;20
9;2;30
9;3;40
9;4;50
9;5;60
9;6;70
9;7;80
10;0;80
10;1;70
10;2;60
10;3;50
10;4;40
10;5;30
10;6;20
10;7;10
11;0;10
11;1;20
11;2;30
11;3;40
11;4;50
11;5;60
11;6;70
11;7;80
12;0;80
12;1;70
12;2;60
12;3;50
12;4;40
12;5;30
12;6;20
12;7;10
13;0;10
13;1;10
13;2;10
13;3;10
13;4;10
13;5;10
13;6;10
13;7;10
14;0;10
14;1;20
14;2;30
14;3;40
14;4;50
14;5;60
14;6;70
14;7;80
15;0;80
15;1;70
15;2;60
15;3;50
15;4;40
15;5;30
15;6;20
15;7;10
16;0;10
16;1;10
16;2;10
16;3;10
16;4;10
16;5;10
16;6;10
16;7;10
17;0;10
17;1;10
17;2;10
17;3;10
17;4;10
17;5;10
17;6;10
17;7;10
18;0;10
18;1;10
18;2;10
18;3;10
18;4;10
18;5;10
18;6;10
18;7;10
19;0;10
19;1;20
19;2;30
19;3;40
19;4;50
19;5;60
19;6;70
19;7;80
20;0;80
20;1;70
20;2;60
20;3;50
20;4;40
20;5;30
20;6;20
20;7;10
21;0;80
21;1;70
21;2;60
21;3;50
21;4;40
21;5;30
21;6;20
21;7;10
22;0;10
22;1;20
22;2;30
22;3;40
22;4;50
22;5;60
22;6;70
22;7;80
23;0;80
23;1;70
23;2;60
23;3;50
23;4;40
23;5;30
23;6;20
23;7;10
24;0;10
24;1;20
24;2;30
24;3;40
24;4;50
24;5;60
24;6;70
24;7;80
25;0;10
25;1;20
25;2;30
25;3;40
25;4;50
25;5;60
25;6;70
25;7;80
26;0;10
26;1;20
26;2;30
26;3;40
26;4;50
26;5;60
26;6;70
26;7;80
27;0;10
27;1;20
27;2;30
27;3;40
27;4;50
27;5;60
27;6;70
27;7;80
28;0;10
28;1;10
28;2;10
28;3;10
28;4;10
28;5;10
28;6;10
28;7;10
29;0;10
29;1;20
29;2;30
29;3;40
29;4;50
29;5;60
29;6;70
29;7;80
30;0;10
30;1;20
30;2;30
30;3;40
30;4;50
30;5;60
30;6;70
30;7;80
31;0;10
31;1;10
31;2;10
31;3;10
31;4;10
31;5;10
31;6;10
31;7;10
32;0;10
32;1;10
32;2;10
32;3;10
32;4;10
32;5;10
32;6;10
32;7;10
33;0;10
33;1;10
33;2;10
33;3;10
33;4;10
33;5;10
33;6;10
33;7;10
34;0;10
34;1;10
34;2;10
34;3;10
34;4;10
34;5;10
34;6;10
34;7;10
35;0;10
35;1;10
35;2;10
35;3;10
35;4;10
35;5;10
35;6;10
35;7;10
36;0;80
36;1;70
36;2;60
36;3;50
36;4;40
36;5;30
36;6;20
36;7;10
37;0;10
37;1;20
37;2;30
37;3;40
37;4;50
37;5;60
37;6;70
37;7;80
38;0;80
38;1;70
38;2;60
38;3;50
38;4;40
38;5;30
38;6;20
38;7;10
39;0;10
39;1;20
39;2;30
39;3;40
39;4;50
39;5;60
39;6;70
39;7;80
40;0;10
40;1;10
40;2;10
40;3;10
40;4;10
40;5;10
40;6;10
40;7;10
41;0;80
41;1;70
41;2;60
41;3;50
41;4;40
41;5;30
41;6;20
41;7;10
42;0;10
42;1;20
42;2;30
42;3;40
42;4;50
42;5;60
42;6;70
42;7;80
43;0;10
43;1;10
43;2;10
43;3;10
43;4;10
43;5;10
43;6;10
43;7;10
44;0;10
44;1;20
44;2;30
44;3;40
44;4;50
44;5;60
44;6;70
44;7;80
45;0;80
45;1;70
45;2;60
45;3;50
45;4;40
45;5;30
45;6;20
45;7;10
46;0;10
46;1;20
46;2;30
46;3;40
46;4;50
46;5;60
46;6;70
46;7;80
47;0;10
47;1;20
47;2;30
47;3;40
47;4;50
47;5;60
47;6;70
47;7;80
48;0;10
48;1;10
48;2;10
48;3;10
48;4;10
48;5;10
48;6;10
48;7;10
49;0;10
49;1;10
49;2;10
49;3;10
49;4;10
49;5;10
49;6;10
49;7;10
50;0;10
50;1;10
50;2;10
50;3;10
50;4;10
50;5;10
50;6;10
50;7;10
51;0;80
51;1;70
51;2;60
51;3;50
51;4;40
51;5;30
51;6;20
51;7;10
52;0;80
52;1;70
52;2;60
52;3;50
52;4;40
52;5;30
52;6;20
52;7;10
53;0;10
53;1;10
53;2;10
53;3;10
53;4;10
53;5;10
53;6;10
53;7;10
54;0;10
54;1;10
54;2;10
54;3;10
54;4;10
54;5;10
54;6;10
54;7;10
55;0;80
55;1;70
55;2;60
55;3;50
55;4;40
55;5;30
55;6;20
55;7;10
56;0;80
56;1;70
56;2;60
56;3;50
56;4;40
56;5;30
56;6;20
56;7;10
57;0;10
57;1;20
57;2;30
57;3;40
57;4;50
57;5;60
57;6;70
57;7;80
58;0;10
58;1;20
58;2;30
58;3;40
58;4;50
58;5;60
58;6;70
58;7;80
59;0;80
59;1;70
59;2;60
59;3;50
59;4;40
59;5;30
59;6;20
59;7;10
60;0;10
60;1;10
60;2;10
60;3;10
60;4;10
60;5;10
60;6;10
60;7;10
61;0;10
61;1;10
61;2;10
61;3;10
61;4;10
61;5;10
61;6;10
61;7;10
62;0;10
62;1;20
62;2;30
62;3;40
62;4;50
62;5;60
62;6;70
62;7;80
63;0;10
63;1;20
63;2;30
63;3;40
63;4;50
63;5;60
63;6;70
63;7;80
64;0;10
64;1;20
64;2;30
64;3;40
64;4;50
64;5;60
64;6;70
64;7;80
65;0;80
65;1;70
65;2;60
65;3;50
65;4;40
65;5;30
65;6;20
65;7;10
66;0;10
66;1;10
66;2;10
66;3;10
66;4;10
66;5;10
66;6;10
66;7;10
67;0;10
67;1;10
67;2;10
67;3;10
67;4;10
67;5;10
67;6;10
67;7;10
68;0;10
68;1;10
68;2;10
68;3;10
68;4;10
68;5;10
68;6;10
68;7;10
69;0;10
69;1;20
69;2;30
69;3;40
69;4;50
69;5;60
69;6;70
69;7;80
70;0;10
70;1;10
70;2;10
70;3;10
70;4;10
70;5;10
70;6;10
70;7;10
71;0;80
71;1;70
71;2;60
71;3;50
71;4;40
71;5;30
71;6;20
71;7;10
72;0;10
72;1;20
72;2;30
72;3;40
72;4;50
72;5;60
72;6;70
72;7;80
73;0;80
73;1;70
73;2;60
73;3;50
73;4;40
73;5;30
73;6;20
73;7;10
74;0;80
74;1;70
74;2;60
74;3;50
74;4;40
74;5;30
74;6;20
74;7;10
75;0;10
75;1;10
75;2;10
75;3;10
75;4;10
75;5;10
75;6;10
75;7;10
76;0;80
76;1;70
76;2;60
76;3;50
76;4;40
76;5;30
76;6;20
76;7;10
77;0;10
77;1;10
77;2;10
77;3;10
77;4;10
77;5;10
77;6;10
77;7;10
78;0;10
78;1;10
78;2;10
78;3;10
78;4;10
78;5;10
78;6;10
78;7;10
79;0;10
79;1;10
79;2;10
79;3;10
79;4;10
79;5;10
79;6;10
79;7;10
80;0;10
80;1;20
80;2;30
80;3;40
80;4;50
80;5;60
80;6;70
80;7;80
81;0;80
81;1;70
81;2;60
81;3;50
81;4;40
81;5;30
81;6;20
81;7;10
82;0;80
82;1;70
82;2;60
82;3;50
82;4;40
82;5;30
82;6;20
82;7;10
83;0;10
83;1;10
83;2;10
83;3;10
83;4;10
83;5;10
83;6;10
83;7;10
84;0;10
84;1;20
84;2;30
84;3;40
84;4;50
84;5;60
84;6;70
84;7;80
85;0;10
85;1;20
85;2;30
85;3;40
85;4;50
85;5;60
85;6;70
85;7;80
86;0;10
86;1;20
86;2;30
86;3;40
86;4;50
86;5;60
86;6;70
86;7;80
87;0;80
87;1;70
87;2;60
87;3;50
87;4;40
87;5;30
87;6;20
87;7;10
88;0;10
88;1;10
88;2;10
88;3;10
88;4;10
88;5;10
88;6;10
88;7;10
89;0;10
89;1;10
89;2;10
89;3;10
89;4;10
89;5;10
89;6;10
89;7;10
90;0;10
90;1;10
90;2;10
90;3;10
90;4;10
90;5;10
90;6;10
90;7;10
91;0;10
91;1;10
91;2;10
91;3;10
91;4;10
91;5;10
91;6;10
91;7;10
92;0;10
92;1;10
92;2;10
92;3;10
92;4;10
92;5;10
92;6;10
92;7;10
93;0;10
93;1;20
93;2;30
93;3;40
93;4;50
93;5;60
93;6;70
93;7;80
94;0;10
94;1;10
94;2;10
94;3;10
94;4;10
94;5;10
94;6;10
94;7;10
95;0;10
95;1;20
95;2;30
95;3;40
95;4;50
95;5;60
95;6;70
95;7;80
96;0;10
96;1;10
96;2;10
96;3;10
96;4;10
96;5;10
96;6;10
96;7;10
97;0;80
97;1;70
97;2;60
97;3;50
97;4;40
97;5;30
97;6;20
97;7;10
98;0;10
98;1;10
98;2;10
98;3;10
98;4;10
98;5;10
98;6;10
98;7;10
99;0;80
99;1;70
99;2;60
99;3;50
99;4;40
99;5;30
99;6;20
99;7;10
