300;150;675
0;100;50
1;100;50
1;101;10
2;100;50
2;102;100
3;101;100
3;103;100
4;101;70
4;104;50
5;101;70
5;105;70
6;102;70
6;106;70
7;102;10
7;107;70
8;99;70
8;102;50
8;108;10
9;97;100
9;103;100
9;109;70
10;95;70
10;103;10
10;110;100
11;93;70
11;103;10
11;111;50
12;91;10
12;103;10
12;112;100
13;89;70
13;104;70
13;113;10
14;87;10
14;104;70
14;114;70
15;85;70
15;104;50
15;115;10
16;83;100
16;104;70
16;116;100
17;81;70
17;105;10
17;117;100
18;79;50
18;105;70
18;118;70
19;77;70
19;105;70
19;119;100
20;75;70
20;105;50
20;120;10
21;73;50
21;106;10
21;121;50
22;71;70
22;106;10
22;122;10
23;69;50
23;106;100
23;123;10
24;67;100
24;106;50
24;124;100
25;65;50
25;107;70
25;125;70
26;63;100
26;107;10
26;126;10
27;61;10
27;107;100
27;127;100
28;59;100
28;107;100
28;128;100
29;57;100
29;98;100
29;108;100
29;129;70
30;55;10
30;98;50
30;108;10
30;130;100
31;53;100
31;98;50
31;99;10
31;108;10
31;131;50
32;51;70
32;98;100
32;108;70
32;132;100
33;49;10
33;96;70
33;109;10
33;133;70
34;47;100
34;96;70
34;109;10
34;134;50
35;45;70
35;96;50
35;109;10
35;135;100
36;43;70
36;96;50
36;97;50
36;109;10
36;136;50
37;41;10
37;96;10
37;109;10
37;137;10
38;39;100
38;94;100
38;110;70
38;138;70
39;37;10
39;94;70
39;110;100
39;139;50
40;35;70
40;94;70
40;110;10
40;140;50
41;33;70
41;94;50
41;95;50
41;110;50
41;141;50
42;31;50
42;94;70
42;110;10
42;142;10
43;29;50
43;92;100
43;111;10
43;143;70
44;27;10
44;92;100
44;111;50
44;144;70
45;25;70
45;92;50
45;111;50
45;145;70
46;23;70
46;92;100
46;93;10
46;111;10
46;146;10
47;21;70
47;92;100
47;111;10
47;147;70
48;19;50
48;90;50
48;112;10
48;148;100
49;17;10
49;90;70
49;112;10
49;149;70
50;15;10
50;90;70
50;112;100
51;13;100
51;90;10
51;91;50
51;112;100
52;11;10
52;90;70
52;112;50
53;9;50
53;88;10
53;113;70
54;7;70
54;88;50
54;113;10
55;5;70
55;88;70
55;113;100
56;3;10
56;88;10
56;89;70
56;113;50
57;1;100
57;88;10
57;113;50
58;86;100
58;114;70
59;86;100
59;114;10
60;86;100
60;114;100
61;86;10
61;87;50
61;114;100
62;86;100
62;114;50
63;84;100
63;115;10
64;84;100
64;115;100
65;84;10
65;115;70
66;84;50
66;85;10
66;115;70
67;84;50
67;115;10
68;82;50
68;116;50
69;82;100
69;116;10
70;82;50
70;116;50
71;82;100
71;83;100
71;116;50
72;82;50
72;116;100
73;80;50
73;117;10
74;80;70
74;117;10
75;80;50
75;117;100
76;80;10
76;81;70
76;117;70
77;80;70
77;117;50
78;78;100
78;118;10
79;78;100
79;118;70
80;78;70
80;118;70
81;78;100
81;79;50
81;118;100
82;78;10
82;118;10
83;76;10
83;119;70
84;76;10
84;119;70
85;76;10
85;119;10
86;76;100
86;77;10
86;119;50
87;76;10
87;119;70
88;74;50
88;120;50
89;74;100
89;120;50
90;74;70
90;120;70
91;74;50
91;75;10
91;120;50
92;74;70
92;120;100
93;72;10
93;121;10
94;72;70
94;121;10
95;72;100
95;121;70
96;72;70
96;73;50
96;121;70
97;72;50
97;121;100
98;70;10
98;122;10
99;70;10
99;122;70
100;70;50
100;122;100
101;70;50
101;71;70
101;122;100
102;70;100
102;122;10
103;68;70
103;123;10
104;68;10
104;123;70
105;68;70
105;123;50
106;68;100
106;69;10
106;123;100
107;68;100
107;123;100
108;66;70
108;124;100
109;66;70
109;124;10
110;66;70
110;124;50
111;66;70
111;67;10
111;124;100
112;66;100
112;124;50
113;64;100
113;125;10
114;64;70
114;125;100
115;64;100
115;125;70
116;64;70
116;65;50
116;125;50
117;64;70
117;125;100
118;62;50
118;126;70
119;62;10
119;126;70
120;62;10
120;126;50
121;62;70
121;63;70
121;126;70
122;62;10
122;126;50
123;60;70
123;127;10
124;60;10
124;127;100
125;60;100
125;127;100
126;60;50
126;61;50
126;127;50
127;60;100
127;127;100
128;58;50
128;128;10
129;58;50
129;128;50
130;58;100
130;128;50
131;58;10
131;59;70
131;128;10
132;58;50
132;128;10
133;56;50
133;129;70
134;56;50
134;129;100
135;56;50
135;129;50
136;56;10
136;57;50
136;129;10
137;56;10
137;129;100
138;54;100
138;130;70
139;54;10
139;130;70
140;54;100
140;130;50
141;54;100
141;55;100
141;130;10
142;54;70
142;130;10
143;52;100
143;131;10
144;52;10
144;131;70
145;52;100
145;131;100
146;52;70
146;53;70
146;131;100
147;52;70
147;131;70
148;50;70
148;132;10
149;50;100
149;132;10
150;50;50
150;132;100
151;50;70
151;51;50
151;132;50
152;50;100
152;132;100
153;48;70
153;133;50
154;48;100
154;133;100
155;48;70
155;133;70
156;48;70
156;133;100
157;48;10
157;49;100
157;133;50
158;48;100
158;133;100
159;46;50
159;134;50
160;46;70
160;134;100
161;46;100
161;134;50
162;46;10
162;134;10
163;46;100
163;47;10
163;134;50
164;46;100
164;134;100
165;44;70
165;135;50
166;44;50
166;135;10
167;44;50
167;135;70
168;44;50
168;135;10
169;44;50
169;45;10
169;135;100
170;44;10
170;135;70
171;42;100
171;136;100
172;42;100
172;136;10
173;42;10
173;136;70
174;42;10
174;136;50
175;42;50
175;43;100
175;136;10
176;42;50
176;136;70
177;40;100
177;137;10
178;40;70
178;137;70
179;40;10
179;137;70
180;40;50
180;137;50
181;40;70
181;41;10
181;137;70
182;40;10
182;137;70
183;38;70
183;138;100
184;38;50
184;138;50
185;38;70
185;138;100
186;38;70
186;138;70
187;38;50
187;39;100
187;138;50
188;38;100
188;138;50
189;36;50
189;139;10
190;36;50
190;139;70
191;36;70
191;139;10
192;36;100
192;139;50
193;36;10
193;37;100
193;139;70
194;36;100
194;139;70
195;34;10
195;140;50
196;34;50
196;140;100
197;34;100
197;140;70
198;34;100
198;140;10
199;34;50
199;35;100
199;140;10
200;34;70
200;140;100
201;32;50
201;141;70
202;32;100
202;141;100
203;32;70
203;141;10
204;32;70
204;141;50
205;32;50
205;33;70
205;141;70
206;32;70
206;141;100
207;30;70
207;142;70
208;30;10
208;142;70
209;30;100
209;142;10
210;30;70
210;142;70
211;30;10
211;31;70
211;142;10
212;30;10
212;142;70
213;28;50
213;143;50
214;28;50
214;143;100
215;28;70
215;143;100
216;28;50
216;143;70
217;28;70
217;29;70
217;143;10
218;28;100
218;143;10
219;26;70
219;144;50
220;26;50
220;144;50
221;26;50
221;144;50
222;26;10
222;144;10
223;26;100
223;27;10
223;144;100
224;26;50
224;144;50
225;24;50
225;145;50
226;24;10
226;145;10
227;24;100
227;145;100
228;24;10
228;145;70
229;24;10
229;25;70
229;145;10
230;24;100
230;145;10
231;22;100
231;146;70
232;22;100
232;146;10
233;22;100
233;146;100
234;22;70
234;146;10
235;22;100
235;23;100
235;146;100
236;22;10
236;146;70
237;20;70
237;147;50
238;20;50
238;147;70
239;20;70
239;147;10
240;20;100
240;147;50
241;20;50
241;21;10
241;147;100
242;20;50
242;147;100
243;18;50
243;148;70
244;18;10
244;148;10
245;18;10
245;148;10
246;18;10
246;148;70
247;18;70
247;19;70
247;148;10
248;18;10
248;148;70
249;16;50
249;149;10
250;16;10
250;149;100
251;16;100
251;149;10
252;16;10
252;149;50
253;16;10
253;17;100
253;149;10
254;16;10
254;149;100
255;14;10
256;14;50
257;14;50
258;14;50
259;14;50
259;15;10
260;14;50
261;12;70
262;12;10
263;12;10
264;12;100
265;12;70
265;13;100
266;12;50
267;10;50
268;10;50
269;10;100
270;10;10
271;10;50
271;11;100
272;10;100
273;8;50
274;8;10
275;8;100
276;8;10
277;8;70
277;9;10
278;8;50
279;6;10
280;6;10
281;6;100
282;6;70
283;6;10
283;7;100
284;6;70
285;4;70
286;4;10
287;4;10
288;4;100
289;4;50
289;5;10
290;4;70
291;2;50
292;2;70
293;2;10
294;2;50
295;2;70
295;3;50
296;2;50
297;0;10
298;0;10
298;1;10
299;0;50
0;0;80
0;1;70
0;2;60
0;3;50
0;4;40
0;5;30
0;6;20
0;7;10
1;0;80
1;1;70
1;2;60
1;3;50
1;4;40
1;5;30
1;6;20
1;7;10
2;0;10
2;1;20
2;2;30
2;3;40
2;4;50
2;5;60
2;6;70
2;7;80
3;0;10
3;1;10
3;2;10
3;3;10
3;4;10
3;5;10
3;6;10
3;7;10
4;0;80
4;1;70
4;2;60
4;3;50
4;4;40
4;5;30
4;6;20
4;7;10
5;0;10
5;1;20
5;2;30
5;3;40
5;4;50
5;5;60
5;6;70
5;7;80
6;0;10
6;1;10
6;2;10
6;3;10
6;4;10
6;5;10
6;6;10
6;7;10
7;0;10
7;1;20
7;2;30
7;3;40
7;4;50
7;5;60
7;6;70
7;7;80
8;0;10
8;1;10
8;2;10
8;3;10
8;4;10
8;5;10
8;6;10
8;7;10
9;0;10
9;1;10
9;2;10
9;3;10
9;4;10
9;5;10
9;6;10
9;7;10
10;0;10
10;1;10
10;2;10
10;3;10
10;4;10
10;5;10
10;6;10
10;7;10
11;0;80
11;1;70
11;2;60
11;3;50
11;4;40
11;5;30
11;6;20
11;7;10
12;0;10
12;1;20
12;2;30
12;3;40
12;4;50
12;5;60
12;6;70
12;7;80
13;0;80
13;1;70
13;2;60
13;3;50
13;4;40
13;5;30
13;6;20
13;7;10
14;0;80
14;1;70
14;2;60
14;3;50
14;4;40
14;5;30
14;6;20
14;7;10
15;0;10
15;1;10
15;2;10
15;3;10
15;4;10
15;5;10
15;6;10
15;7;10
16;0;80
16;1;70
16;2;60
16;3;50
16;4;40
16;5;30
16;6;20
16;7;10
17;0;80
17;1;70
17;2;60
17;3;50
17;4;40
17;5;30
17;6;20
17;7;10
18;0;10
18;1;20
18;2;30
18;3;40
18;4;50
18;5;60
18;6;70
18;7;80
19;0;80
19;1;70
19;2;60
19;3;50
19;4;40
19;5;30
19;6;20
19;7;10
20;0;10
20;1;10
20;2;10
20;3;10
20;4;10
20;5;10
20;6;10
20;7;10
21;0;80
21;1;70
21;2;60
21;3;50
21;4;40
21;5;30
21;6;20
21;7;10
22;0;80
22;1;70
22;2;60
22;3;50
22;4;40
22;5;30
22;6;20
22;7;10
23;0;10
23;1;20
23;2;30
23;3;40
23;4;50
23;5;60
23;6;70
23;7;80
24;0;10
24;1;20
24;2;30
24;3;40
24;4;50
24;5;60
24;6;70
24;7;80
25;0;80
25;1;70
25;2;60
25;3;50
25;4;40
25;5;30
25;6;20
25;7;10
26;0;10
26;1;20
26;2;30
26;3;40
26;4;50
26;5;60
26;6;70
26;7;80
27;0;10
27;1;10
27;2;10
27;3;10
27;4;10
27;5;10
27;6;10
27;7;10
28;0;80
28;1;70
28;2;60
28;3;50
28;4;40
28;5;30
28;6;20
28;7;10
29;0;10
29;1;10
29;2;10
29;3;10
29;4;10
29;5;10
29;6;10
29;7;10
30;0;80
30;1;70
30;2;60
30;3;50
30;4;40
30;5;30
30;6;20
30;7;10
31;0;10
31;1;10
31;2;10
31;3;10
31;4;10
31;5;10
31;6;10
31;7;10
32;0;10
32;1;20
32;2;30
32;3;40
32;4;50
32;5;60
32;6;70
32;7;80
33;0;10
33;1;20
33;2;30
33;3;40
33;4;50
33;5;60
33;6;70
33;7;80
34;0;80
34;1;70
34;2;60
34;3;50
34;4;40
34;5;30
34;6;20
34;7;10
35;0;80
35;1;70
35;2;60
35;3;50
35;4;40
35;5;30
35;6;20
35;7;10
36;0;10
36;1;20
36;2;30
36;3;40
36;4;50
36;5;60
36;6;70
36;7;80
37;0;10
37;1;10
37;2;10
37;3;10
37;4;10
37;5;10
37;6;10
37;7;10
38;0;80
38;1;70
38;2;60
38;3;50
38;4;40
38;5;30
38;6;20
38;7;10
39;0;10
39;1;20
39;2;30
39;3;40
39;4;50
39;5;60
39;6;70
39;7;80
40;0;80
40;1;70
40;2;60
40;3;50
40;4;40
40;5;30
40;6;20
40;7;10
41;0;10
41;1;20
41;2;30
41;3;40
41;4;50
41;5;60
41;6;70
41;7;80
42;0;10
42;1;20
42;2;30
42;3;40
42;4;50
42;5;60
42;6;70
42;7;80
43;0;10
43;1;10
43;2;10
43;3;10
43;4;10
43;5;10
43;6;10
43;7;10
44;0;10
44;1;10
44;2;10
44;3;10
44;4;10
44;5;10
44;6;10
44;7;10
45;0;10
45;1;20
45;2;30
45;3;40
45;4;50
45;5;60
45;6;70
45;7;80
46;0;80
46;1;70
46;2;60
46;3;50
46;4;40
46;5;30
46;6;20
46;7;10
47;0;10
47;1;20
47;2;30
47;3;40
47;4;50
47;5;60
47;6;70
47;7;80
48;0;10
48;1;10
48;2;10
48;3;10
48;4;10
48;5;10
48;6;10
48;7;10
49;0;10
49;1;10
49;2;10
49;3;10
49;4;10
49;5;10
49;6;10
49;7;10
50;0;10
50;1;10
50;2;10
50;3;10
50;4;10
50;5;10
50;6;10
50;7;10
51;0;10
51;1;20
51;2;30
51;3;40
51;4;50
51;5;60
51;6;70
51;7;80
52;0;10
52;1;10
52;2;10
52;3;10
52;4;10
52;5;10
52;6;10
52;7;10
53;0;80
53;1;70
53;2;60
53;3;50
53;4;40
53;5;30
53;6;20
53;7;10
54;0;10
54;1;20
54;2;30
54;3;40
54;4;50
54;5;60
54;6;70
54;7;80
55;0;10
55;1;20
55;2;30
55;3;40
55;4;50
55;5;60
55;6;70
55;7;80
56;0;10
56;1;10
56;2;10
56;3;10
56;4;10
56;5;10
56;6;10
56;7;10
57;0;80
57;1;70
57;2;60
57;3;50
57;4;40
57;5;30
57;6;20
57;7;10
58;0;80
58;1;70
58;2;60
58;3;50
58;4;40
58;5;30
58;6;20
58;7;10
59;0;80
59;1;70
59;2;60
59;3;50
59;4;40
59;5;30
59;6;20
59;7;10
60;0;80
60;1;70
60;2;60
60;3;50
60;4;40
60;5;30
60;6;20
60;7;10
61;0;10
61;1;20
61;2;30
61;3;40
61;4;50
61;5;60
61;6;70
61;7;80
62;0;10
62;1;20
62;2;30
62;3;40
62;4;50
62;5;60
62;6;70
62;7;80
63;0;10
63;1;20
63;2;30
63;3;40
63;4;50
63;5;60
63;6;70
63;7;80
64;0;10
64;1;10
64;2;10
64;3;10
64;4;10
64;5;10
64;6;10
64;7;10
65;0;10
65;1;10
65;2;10
65;3;10
65;4;10
65;5;10
65;6;10
65;7;10
66;0;80
66;1;70
66;2;60
66;3;50
66;4;40
66;5;30
66;6;20
66;7;10
67;0;10
67;1;10
67;2;10
67;3;10
67;4;10
67;5;10
67;6;10
67;7;10
68;0;80
68;1;70
68;2;60
68;3;50
68;4;40
68;5;30
68;6;20
68;7;10
69;0;80
69;1;70
69;2;60
69;3;50
69;4;40
69;5;30
69;6;20
69;7;10
70;0;80
70;1;70
70;2;60
70;3;50
70;4;40
70;5;30
70;6;20
70;7;10
71;0;10
71;1;10
71;2;10
71;3;10
71;4;10
71;5;10
71;6;10
71;7;10
72;0;10
72;1;10
72;2;10
72;3;10
72;4;10
72;5;10
72;6;10
72;7;10
73;0;80
73;1;70
73;2;60
73;3;50
73;4;40
73;5;30
73;6;20
73;7;10
74;0;10
74;1;20
74;2;30
74;3;40
74;4;50
74;5;60
74;6;70
74;7;80
75;0;10
75;1;10
75;2;10
75;3;10
75;4;10
75;5;10
75;6;10
75;7;10
76;0;10
76;1;10
76;2;10
76;3;10
76;4;10
76;5;10
76;6;10
76;7;10
77;0;10
77;1;20
77;2;30
77;3;40
77;4;50
77;5;60
77;6;70
77;7;80
78;0;80
78;1;70
78;2;60
78;3;50
78;4;40
78;5;30
78;6;20
78;7;10
79;0;10
79;1;20
79;2;30
79;3;40
79;4;50
79;5;60
79;6;70
79;7;80
80;0;10
80;1;10
80;2;10
80;3;10
80;4;10
80;5;10
80;6;10
80;7;10
81;0;10
81;1;20
81;2;30
81;3;40
81;4;50
81;5;60
81;6;70
81;7;80
82;0;10
82;1;20
82;2;30
82;3;40
82;4;50
82;5;60
82;6;70
82;7;80
83;0;10
83;1;20
83;2;30
83;3;40
83;4;50
83;5;60
83;6;70
83;7;80
84;0;10
84;1;20
84;2;30
84;3;40
84;4;50
84;5;60
84;6;70
84;7;80
85;0;10
85;1;20
85;2;30
85;3;40
85;4;50
85;5;60
85;6;70
85;7;80
86;0;10
86;1;20
86;2;30
86;3;40
86;4;50
86;5;60
86;6;70
86;7;80
87;0;10
87;1;20
87;2;30
87;3;40
87;4;50
87;5;60
87;6;70
87;7;80
88;0;80
88;1;70
88;2;60
88;3;50
88;4;40
88;5;30
88;6;20
88;7;10
89;0;80
89;1;70
89;2;60
89;3;50
89;4;40
89;5;30
89;6;20
89;7;10
90;0;10
90;1;10
90;2;10
90;3;10
90;4;10
90;5;10
90;6;10
90;7;10
91;0;10
91;1;20
91;2;30
91;3;40
91;4;50
91;5;60
91;6;70
91;7;80
92;0;10
92;1;10
92;2;10
92;3;10
92;4;10
92;5;10
92;6;10
92;7;10
93;0;80
93;1;70
93;2;60
93;3;50
93;4;40
93;5;30
93;6;20
93;7;10
94;0;10
94;1;10
94;2;10
94;3;10
94;4;10
94;5;10
94;6;10
94;7;10
95;0;80
95;1;70
95;2;60
95;3;50
95;4;40
95;5;30
95;6;20
95;7;10
96;0;10
96;1;20
96;2;30
96;3;40
96;4;50
96;5;60
96;6;70
96;7;80
97;0;10
97;1;10
97;2;10
97;3;10
97;4;10
97;5;10
97;6;10
97;7;10
98;0;10
98;1;20
98;2;30
98;3;40
98;4;50
98;5;60
98;6;70
98;7;80
99;0;10
99;1;10
99;2;10
99;3;10
99;4;10
99;5;10
99;6;10
99;7;10
100;0;10
100;1;10
100;2;10
100;3;10
100;4;10
100;5;10
100;6;10
100;7;10
101;0;10
101;1;20
101;2;30
101;3;40
101;4;50
101;5;60
101;6;70
101;7;80
102;0;10
102;1;20
102;2;30
102;3;40
102;4;50
102;5;60
102;6;70
102;7;80
103;0;10
103;1;10
103;2;10
103;3;10
103;4;10
103;5;10
103;6;10
103;7;10
104;0;10
104;1;10
104;2;10
104;3;10
104;4;10
104;5;10
104;6;10
104;7;10
105;0;10
105;1;20
105;2;30
105;3;40
105;4;50
105;5;60
105;6;70
105;7;80
106;0;10
106;1;20
106;2;30
106;3;40
106;4;50
106;5;60
106;6;70
106;7;80
107;0;10
107;1;10
107;2;10
107;3;10
107;4;10
107;5;10
107;6;10
107;7;10
108;0;10
108;1;10
108;2;10
108;3;10
108;4;10
108;5;10
108;6;10
108;7;10
109;0;10
109;1;20
109;2;30
109;3;40
109;4;50
109;5;60
109;6;70
109;7;80
110;0;10
110;1;20
110;2;30
110;3;40
110;4;50
110;5;60
110;6;70
110;7;80
111;0;80
111;1;70
111;2;60
111;3;50
111;4;40
111;5;30
111;6;20
111;7;10
112;0;80
112;1;70
112;2;60
112;3;50
112;4;40
112;5;30
112;6;20
112;7;10
113;0;80
113;1;70
113;2;60
113;3;50
113;4;40
113;5;30
113;6;20
113;7;10
114;0;10
114;1;10
114;2;10
114;3;10
114;4;10
114;5;10
114;6;10
114;7;10
115;0;10
115;1;10
115;2;10
115;3;10
115;4;10
115;5;10
115;6;10
115;7;10
116;0;10
116;1;20
116;2;30
116;3;40
116;4;50
116;5;60
116;6;70
116;7;80
117;0;10
117;1;10
117;2;10
117;3;10
117;4;10
117;5;10
117;6;10
117;7;10
118;0;10
118;1;10
118;2;10
118;3;10
118;4;10
118;5;10
118;6;10
118;7;10
119;0;10
119;1;10
119;2;10
119;3;10
119;4;10
119;5;10
119;6;10
119;7;10
120;0;80
120;1;70
120;2;60
120;3;50
120;4;40
120;5;30
120;6;20
120;7;10
121;0;10
121;1;20
121;2;30
121;3;40
121;4;50
121;5;60
121;6;70
121;7;80
122;0;10
122;1;20
122;2;30
122;3;40
122;4;50
122;5;60
122;6;70
122;7;80
123;0;10
123;1;10
123;2;10
123;3;10
123;4;10
123;5;10
123;6;10
123;7;10
124;0;10
124;1;20
124;2;30
124;3;40
124;4;50
124;5;60
124;6;70
124;7;80
125;0;10
125;1;20
125;2;30
125;3;40
125;4;50
125;5;60
125;6;70
125;7;80
126;0;80
126;1;70
126;2;60
126;3;50
126;4;40
126;5;30
126;6;20
126;7;10
127;0;10
127;1;20
127;2;30
127;3;40
127;4;50
127;5;60
127;6;70
127;7;80
128;0;10
128;1;10
128;2;10
128;3;10
128;4;10
128;5;10
128;6;10
128;7;10
129;0;10
129;1;10
129;2;10
129;3;10
129;4;10
129;5;10
129;6;10
129;7;10
130;0;80
130;1;70
130;2;60
130;3;50
130;4;40
130;5;30
130;6;20
130;7;10
131;0;10
131;1;20
131;2;30
131;3;40
131;4;50
131;5;60
131;6;70
131;7;80
132;0;80
132;1;70
132;2;60
132;3;50
132;4;40
132;5;30
132;6;20
132;7;10
133;0;10
133;1;20
133;2;30
133;3;40
133;4;50
133;5;60
133;6;70
133;7;80
134;0;80
134;1;70
134;2;60
134;3;50
134;4;40
134;5;30
134;6;20
134;7;10
135;0;10
135;1;20
135;2;30
135;3;40
135;4;50
135;5;60
135;6;70
135;7;80
136;0;10
136;1;20
136;2;30
136;3;40
136;4;50
136;5;60
136;6;70
136;7;80
137;0;80
137;1;70
137;2;60
137;3;50
137;4;40
137;5;30
137;6;20
137;7;10
138;0;10
138;1;10
138;2;10
138;3;10
138;4;10
138;5;10
138;6;10
138;7;10
139;0;10
139;1;20
139;2;30
139;3;40
139;4;50
139;5;60
139;6;70
139;7;80
140;0;10
140;1;20
140;2;30
140;3;40
140;4;50
140;5;60
140;6;70
140;7;80
141;0;80
141;1;70
141;2;60
141;3;50
141;4;40
141;5;30
141;6;20
141;7;10
142;0;10
142;1;10
142;2;10
142;3;10
142;4;10
142;5;10
142;6;10
142;7;10
143;0;80
143;1;70
143;2;60
143;3;50
143;4;40
143;5;30
143;6;20
143;7;10
144;0;10
144;1;10
144;2;10
144;3;10
144;4;10
144;5;10
144;6;10
144;7;10
145;0;10
145;1;20
145;2;30
145;3;40
145;4;50
145;5;60
145;6;70
145;7;80
146;0;80
146;1;70
146;2;60
146;3;50
146;4;40
146;5;30
146;6;20
146;7;10
147;0;80
147;1;70
147;2;60
147;3;50
147;4;40
147;5;30
147;6;20
147;7;10
148;0;80
148;1;70
148;2;60
148;3;50
148;4;40
148;5;30
148;6;20
148;7;10
149;0;80
149;1;70
149;2;60
149;3;50
149;4;40
149;5;30
149;6;20
149;7;10
150;0;10
150;1;10
150;2;10
150;3;10
150;4;10
150;5;10
150;6;10
150;7;10
151;0;80
151;1;70
151;2;60
151;3;50
151;4;40
151;5;30
151;6;20
151;7;10
152;0;80
152;1;70
152;2;60
152;3;50
152;4;40
152;5;30
152;6;20
152;7;10
153;0;10
153;1;10
153;2;10
153;3;10
153;4;10
153;5;10
153;6;10
153;7;10
154;0;80
154;1;70
154;2;60
154;3;50
154;4;40
154;5;30
154;6;20
154;7;10
155;0;10
155;1;20
155;2;30
155;3;40
155;4;50
155;5;60
155;6;70
155;7;80
156;0;10
156;1;10
156;2;10
156;3;10
156;4;10
156;5;10
156;6;10
156;7;10
157;0;80
157;1;70
157;2;60
157;3;50
157;4;40
157;5;30
157;6;20
157;7;10
158;0;10
158;1;10
158;2;10
158;3;10
158;4;10
158;5;10
158;6;10
158;7;10
159;0;10
159;1;10
159;2;10
159;3;10
159;4;10
159;5;10
159;6;10
159;7;10
160;0;80
160;1;70
160;2;60
160;3;50
160;4;40
160;5;30
160;6;20
160;7;10
161;0;10
161;1;20
161;2;30
161;3;40
161;4;50
161;5;60
161;6;70
161;7;80
162;0;80
162;1;70
162;2;60
162;3;50
162;4;40
162;5;30
162;6;20
162;7;10
163;0;80
163;1;70
163;2;60
163;3;50
163;4;40
163;5;30
163;6;20
163;7;10
164;0;10
164;1;20
164;2;30
164;3;40
164;4;50
164;5;60
164;6;70
164;7;80
165;0;80
165;1;70
165;2;60
165;3;50
165;4;40
165;5;30
165;6;20
165;7;10
166;0;80
166;1;70
166;2;60
166;3;50
166;4;40
166;5;30
166;6;20
166;7;10
167;0;80
167;1;70
167;2;60
167;3;50
167;4;40
167;5;30
167;6;20
167;7;10
168;0;10
168;1;20
168;2;30
168;3;40
168;4;50
168;5;60
168;6;70
168;7;80
169;0;10
169;1;20
169;2;30
169;3;40
169;4;50
169;5;60
169;6;70
169;7;80
170;0;10
170;1;10
170;2;10
170;3;10
170;4;10
170;5;10
170;6;10
170;7;10
171;0;10
171;1;20
171;2;30
171;3;40
171;4;50
171;5;60
171;6;70
171;7;80
172;0;10
172;1;10
172;2;10
172;3;10
172;4;10
172;5;10
172;6;10
172;7;10
173;0;10
173;1;20
173;2;30
173;3;40
173;4;50
173;5;60
173;6;70
173;7;80
174;0;80
174;1;70
174;2;60
174;3;50
174;4;40
174;5;30
174;6;20
174;7;10
175;0;80
175;1;70
175;2;60
175;3;50
175;4;40
175;5;30
175;6;20
175;7;10
176;0;10
176;1;10
176;2;10
176;3;10
176;4;10
176;5;10
176;6;10
176;7;10
177;0;10
177;1;10
177;2;10
177;3;10
177;4;10
177;5;10
177;6;10
177;7;10
178;0;10
178;1;10
178;2;10
178;3;10
178;4;10
178;5;10
178;6;10
178;7;10
179;0;10
179;1;10
179;2;10
179;3;10
179;4;10
179;5;10
179;6;10
179;7;10
180;0;10
180;1;20
180;2;30
180;3;40
180;4;50
180;5;60
180;6;70
180;7;80
181;0;10
181;1;20
181;2;30
181;3;40
181;4;50
181;5;60
181;6;70
181;7;80
182;0;10
182;1;10
182;2;10
182;3;10
182;4;10
182;5;10
182;6;10
182;7;10
183;0;10
183;1;20
183;2;30
183;3;40
183;4;50
183;5;60
183;6;70
183;7;80
184;0;80
184;1;70
184;2;60
184;3;50
184;4;40
184;5;30
184;6;20
184;7;10
185;0;10
185;1;10
185;2;10
185;3;10
185;4;10
185;5;10
185;6;10
185;7;10
186;0;10
186;1;10
186;2;10
186;3;10
186;4;10
186;5;10
186;6;10
186;7;10
187;0;80
187;1;70
187;2;60
187;3;50
187;4;40
187;5;30
187;6;20
187;7;10
188;0;80
188;1;70
188;2;60
188;3;50
188;4;40
188;5;30
188;6;20
188;7;10
189;0;10
189;1;10
189;2;10
189;3;10
189;4;10
189;5;10
189;6;10
189;7;10
190;0;80
190;1;70
190;2;60
190;3;50
190;4;40
190;5;30
190;6;20
190;7;10
191;0;80
191;1;70
191;2;60
191;3;50
191;4;40
191;5;30
191;6;20
191;7;10
192;0;10
192;1;20
192;2;30
192;3;40
192;4;50
192;5;60
192;6;70
192;7;80
193;0;80
193;1;70
193;2;60
193;3;50
193;4;40
193;5;30
193;6;20
193;7;10
194;0;80
194;1;70
194;2;60
194;3;50
194;4;40
194;5;30
194;6;20
194;7;10
195;0;80
195;1;70
195;2;60
195;3;50
195;4;40
195;5;30
195;6;20
195;7;10
196;0;80
196;1;70
196;2;60
196;3;50
196;4;40
196;5;30
196;6;20
196;7;10
197;0;10
197;1;20
197;2;30
197;3;40
197;4;50
197;5;60
197;6;70
197;7;80
198;0;80
198;1;70
198;2;60
198;3;50
198;4;40
198;5;30
198;6;20
198;7;10
199;0;80
199;1;70
199;2;60
199;3;50
199;4;40
199;5;30
199;6;20
199;7;10
200;0;10
200;1;20
200;2;30
200;3;40
200;4;50
200;5;60
200;6;70
200;7;80
201;0;80
201;1;70
201;2;60
201;3;50
201;4;40
201;5;30
201;6;20
201;7;10
202;0;10
202;1;20
202;2;30
202;3;40
202;4;50
202;5;60
202;6;70
202;7;80
203;0;80
203;1;70
203;2;60
203;3;50
203;4;40
203;5;30
203;6;20
203;7;10
204;0;10
204;1;20
204;2;30
204;3;40
204;4;50
204;5;60
204;6;70
204;7;80
205;0;10
205;1;20
205;2;30
205;3;40
205;4;50
205;5;60
205;6;70
205;7;80
206;0;80
206;1;70
206;2;60
206;3;50
206;4;40
206;5;30
206;6;20
206;7;10
207;0;80
207;1;70
207;2;60
207;3;50
207;4;40
207;5;30
207;6;20
207;7;10
208;0;10
208;1;10
208;2;10
208;3;10
208;4;10
208;5;10
208;6;10
208;7;10
209;0;80
209;1;70
209;2;60
209;3;50
209;4;40
209;5;30
209;6;20
209;7;10
210;0;10
210;1;10
210;2;10
210;3;10
210;4;10
210;5;10
210;6;10
210;7;10
211;0;10
211;1;20
211;2;30
211;3;40
211;4;50
211;5;60
211;6;70
211;7;80
212;0;10
212;1;20
212;2;30
212;3;40
212;4;50
212;5;60
212;6;70
212;7;80
213;0;10
213;1;10
213;2;10
213;3;10
213;4;10
213;5;10
213;6;10
213;7;10
214;0;80
214;1;70
214;2;60
214;3;50
214;4;40
214;5;30
214;6;20
214;7;10
215;0;80
215;1;70
215;2;60
215;3;50
215;4;40
215;5;30
215;6;20
215;7;10
216;0;10
216;1;20
216;2;30
216;3;40
216;4;50
216;5;60
216;6;70
216;7;80
217;0;80
217;1;70
217;2;60
217;3;50
217;4;40
217;5;30
217;6;20
217;7;10
218;0;10
218;1;20
218;2;30
218;3;40
218;4;50
218;5;60
218;6;70
218;7;80
219;0;80
219;1;70
219;2;60
219;3;50
219;4;40
219;5;30
219;6;20
219;7;10
220;0;10
220;1;20
220;2;30
220;3;40
220;4;50
220;5;60
220;6;70
220;7;80
221;0;10
221;1;10
221;2;10
221;3;10
221;4;10
221;5;10
221;6;10
221;7;10
222;0;80
222;1;70
222;2;60
222;3;50
222;4;40
222;5;30
222;6;20
222;7;10
223;0;10
223;1;10
223;2;10
223;3;10
223;4;10
223;5;10
223;6;10
223;7;10
224;0;10
224;1;20
224;2;30
224;3;40
224;4;50
224;5;60
224;6;70
224;7;80
225;0;10
225;1;10
225;2;10
225;3;10
225;4;10
225;5;10
225;6;10
225;7;10
226;0;80
226;1;70
226;2;60
226;3;50
226;4;40
226;5;30
226;6;20
226;7;10
227;0;10
227;1;20
227;2;30
227;3;40
227;4;50
227;5;60
227;6;70
227;7;80
228;0;10
228;1;10
228;2;10
228;3;10
228;4;10
228;5;10
228;6;10
228;7;10
229;0;80
229;1;70
229;2;60
229;3;50
229;4;40
229;5;30
229;6;20
229;7;10
230;0;10
230;1;20
230;2;30
230;3;40
230;4;50
230;5;60
230;6;70
230;7;80
231;0;10
231;1;10
231;2;10
231;3;10
231;4;10
231;5;10
231;6;10
231;7;10
232;0;80
232;1;70
232;2;60
232;3;50
232;4;40
232;5;30
232;6;20
232;7;10
233;0;10
233;1;10
233;2;10
233;3;10
233;4;10
233;5;10
233;6;10
233;7;10
234;0;80
234;1;70
234;2;60
234;3;50
234;4;40
234;5;30
234;6;20
234;7;10
235;0;10
235;1;10
235;2;10
235;3;10
235;4;10
235;5;10
235;6;10
235;7;10
236;0;80
236;1;70
236;2;60
236;3;50
236;4;40
236;5;30
236;6;20
236;7;10
237;0;10
237;1;20
237;2;30
237;3;40
237;4;50
237;5;60
237;6;70
237;7;80
238;0;10
238;1;10
238;2;10
238;3;10
238;4;10
238;5;10
238;6;10
238;7;10
239;0;10
239;1;10
239;2;10
239;3;10
239;4;10
239;5;10
239;6;10
239;7;10
240;0;10
240;1;10
240;2;10
240;3;10
240;4;10
240;5;10
240;6;10
240;7;10
241;0;10
241;1;20
241;2;30
241;3;40
241;4;50
241;5;60
241;6;70
241;7;80
242;0;10
242;1;20
242;2;30
242;3;40
242;4;50
242;5;60
242;6;70
242;7;80
243;0;10
243;1;20
243;2;30
243;3;40
243;4;50
243;5;60
243;6;70
243;7;80
244;0;80
244;1;70
244;2;60
244;3;50
244;4;40
244;5;30
244;6;20
244;7;10
245;0;10
245;1;10
245;2;10
245;3;10
245;4;10
245;5;10
245;6;10
245;7;10
246;0;10
246;1;20
246;2;30
246;3;40
246;4;50
246;5;60
246;6;70
246;7;80
247;0;10
247;1;20
247;2;30
247;3;40
247;4;50
247;5;60
247;6;70
247;7;80
248;0;10
248;1;10
248;2;10
248;3;10
248;4;10
248;5;10
248;6;10
248;7;10
249;0;10
249;1;20
249;2;30
249;3;40
249;4;50
249;5;60
249;6;70
249;7;80
250;0;80
250;1;70
250;2;60
250;3;50
250;4;40
250;5;30
250;6;20
250;7;10
251;0;10
251;1;20
251;2;30
251;3;40
251;4;50
251;5;60
251;6;70
251;7;80
252;0;10
252;1;10
252;2;10
252;3;10
252;4;10
252;5;10
252;6;10
252;7;10
253;0;10
253;1;10
253;2;10
253;3;10
253;4;10
253;5;10
253;6;10
253;7;10
254;0;10
254;1;20
254;2;30
254;3;40
254;4;50
254;5;60
254;6;70
254;7;80
255;0;10
255;1;20
255;2;30
255;3;40
255;4;50
255;5;60
255;6;70
255;7;80
256;0;10
256;1;10
256;2;10
256;3;10
256;4;10
256;5;10
256;6;10
256;7;10
257;0;10
257;1;10
257;2;10
257;3;10
257;4;10
257;5;10
257;6;10
257;7;10
258;0;10
258;1;20
258;2;30
258;3;40
258;4;50
258;5;60
258;6;70
258;7;80
259;0;10
259;1;20
259;2;30
259;3;40
259;4;50
259;5;60
259;6;70
259;7;80
260;0;10
260;1;10
260;2;10
260;3;10
260;4;10
260;5;10
260;6;10
260;7;10
261;0;10
261;1;10
261;2;10
261;3;10
261;4;10
261;5;10
261;6;10
261;7;10
262;0;10
262;1;10
262;2;10
262;3;10
262;4;10
262;5;10
262;6;10
262;7;10
263;0;10
263;1;10
263;2;10
263;3;10
263;4;10
263;5;10
263;6;10
263;7;10
264;0;10
264;1;10
264;2;10
264;3;10
264;4;10
264;5;10
264;6;10
264;7;10
265;0;10
265;1;10
265;2;10
265;3;10
265;4;10
265;5;10
265;6;10
265;7;10
266;0;10
266;1;10
266;2;10
266;3;10
266;4;10
266;5;10
266;6;10
266;7;10
267;0;10
267;1;10
267;2;10
267;3;10
267;4;10
267;5;10
267;6;10
267;7;10
268;0;10
268;1;10
268;2;10
268;3;10
268;4;10
268;5;10
268;6;10
268;7;10
269;0;10
269;1;20
269;2;30
269;3;40
269;4;50
269;5;60
269;6;70
269;7;80
270;0;10
270;1;20
270;2;30
270;3;40
270;4;50
270;5;60
270;6;70
270;7;80
271;0;10
271;1;10
271;2;10
271;3;10
271;4;10
271;5;10
271;6;10
271;7;10
272;0;10
272;1;20
272;2;30
272;3;40
272;4;50
272;5;60
272;6;70
272;7;80
273;0;10
273;1;10
273;2;10
273;3;10
273;4;10
273;5;10
273;6;10
273;7;10
274;0;10
274;1;10
274;2;10
274;3;10
274;4;10
274;5;10
274;6;10
274;7;10
275;0;80
275;1;70
275;2;60
275;3;50
275;4;40
275;5;30
275;6;20
275;7;10
276;0;10
276;1;20
276;2;30
276;3;40
276;4;50
276;5;60
276;6;70
276;7;80
277;0;10
277;1;20
277;2;30
277;3;40
277;4;50
277;5;60
277;6;70
277;7;80
278;0;10
278;1;10
278;2;10
278;3;10
278;4;10
278;5;10
278;6;10
278;7;10
279;0;80
279;1;70
279;2;60
279;3;50
279;4;40
279;5;30
279;6;20
279;7;10
280;0;10
280;1;10
280;2;10
280;3;10
280;4;10
280;5;10
280;6;10
280;7;10
281;0;10
281;1;20
281;2;30
281;3;40
281;4;50
281;5;60
281;6;70
281;7;80
282;0;80
282;1;70
282;2;60
282;3;50
282;4;40
282;5;30
282;6;20
282;7;10
283;0;80
283;1;70
283;2;60
283;3;50
283;4;40
283;5;30
283;6;20
283;7;10
284;0;80
284;1;70
284;2;60
284;3;50
284;4;40
284;5;30
284;6;20
284;7;10
285;0;80
285;1;70
285;2;60
285;3;50
285;4;40
285;5;30
285;6;20
285;7;10
286;0;10
286;1;20
286;2;30
286;3;40
286;4;50
286;5;60
286;6;70
286;7;80
287;0;80
287;1;70
287;2;60
287;3;50
287;4;40
287;5;30
287;6;20
287;7;10
288;0;10
288;1;20
288;2;30
288;3;40
288;4;50
288;5;60
288;6;70
288;7;80
289;0;80
289;1;70
289;2;60
289;3;50
289;4;40
289;5;30
289;6;20
289;7;10
290;0;10
290;1;10
290;2;10
290;3;10
290;4;10
290;5;10
290;6;10
290;7;10
291;0;80
291;1;70
291;2;60
291;3;50
291;4;40
291;5;30
291;6;20
291;7;10
292;0;10
292;1;20
292;2;30
292;3;40
292;4;50
292;5;60
292;6;70
292;7;80
293;0;10
293;1;10
293;2;10
293;3;10
293;4;10
293;5;10
293;6;10
293;7;10
294;0;80
294;1;70
294;2;60
294;3;50
294;4;40
294;5;30
294;6;20
294;7;10
295;0;10
295;1;10
295;2;10
295;3;10
295;4;10
295;5;10
295;6;10
295;7;10
296;0;80
296;1;70
296;2;60
296;3;50
296;4;40
296;5;30
296;6;20
296;7;10
297;0;10
297;1;20
297;2;30
297;3;40
297;4;50
297;5;60
297;6;70
297;7;80
298;0;10
298;1;10
298;2;10
298;3;10
298;4;10
298;5;10
298;6;10
298;7;10
299;0;80
299;1;70
299;2;60
299;3;50
299;4;40
299;5;30
299;6;20
299;7;10
