400;200;929
0;133;50
1;133;10
1;134;100
2;133;50
2;135;100
3;134;10
3;136;100
4;134;50
4;137;100
5;134;10
5;138;100
6;135;10
6;139;10
7;135;10
7;140;50
8;135;70
8;141;100
9;130;100
9;136;70
9;142;70
10;128;50
10;136;10
10;143;100
11;126;10
11;136;50
11;144;10
12;124;100
12;136;10
12;145;50
13;122;10
13;137;10
13;146;70
14;120;50
14;137;100
14;147;50
15;118;100
15;137;10
15;148;50
16;116;70
16;137;100
16;149;10
17;114;10
17;138;100
17;150;70
18;112;50
18;138;70
18;151;50
19;110;10
19;138;70
19;152;100
20;108;10
20;138;70
20;153;50
21;106;50
21;139;70
21;154;10
22;104;50
22;139;50
22;155;10
23;102;100
23;139;100
23;156;100
24;100;10
24;139;50
24;157;50
25;98;100
25;132;50
25;140;100
25;158;10
26;96;100
26;132;100
26;140;10
26;159;10
27;94;100
27;132;50
27;140;50
27;160;10
28;92;10
28;132;10
28;140;50
28;161;70
29;90;50
29;131;10
29;141;10
29;162;70
30;88;70
30;131;10
30;141;70
30;163;100
31;86;10
31;131;70
31;141;50
31;164;70
32;84;70
32;131;10
32;141;50
32;165;10
33;82;10
33;129;70
33;142;10
33;166;10
34;80;10
34;129;70
34;142;50
34;167;50
35;78;10
35;129;70
35;142;100
35;168;10
36;76;10
36;129;70
36;130;10
36;142;10
36;169;50
37;74;10
37;129;10
37;142;100
37;170;50
38;72;10
38;127;70
38;143;10
38;171;100
39;70;50
39;127;100
39;143;50
39;172;70
40;68;50
40;127;50
40;143;100
40;173;10
41;66;70
41;127;70
41;128;100
41;143;70
41;174;10
42;64;70
42;127;70
42;143;50
42;175;70
43;62;10
43;125;70
43;144;100
43;176;70
44;60;50
44;125;50
44;144;50
44;177;10
45;58;50
45;125;50
45;144;100
45;178;70
46;56;70
46;125;50
46;126;50
46;144;70
46;179;100
47;54;70
47;125;70
47;144;10
47;180;100
48;52;70
48;123;70
48;145;50
48;181;100
49;50;50
49;123;100
49;145;100
49;182;10
50;48;50
50;123;50
50;145;10
50;183;50
51;46;100
51;123;10
51;124;50
51;145;70
51;184;100
52;44;10
52;123;70
52;145;10
52;185;50
53;42;70
53;121;10
53;146;50
53;186;10
54;40;100
54;121;10
54;146;10
54;187;70
55;38;70
55;121;10
55;146;70
55;188;10
56;36;100
56;121;70
56;122;50
56;146;100
56;189;100
57;34;10
57;121;50
57;146;50
57;190;100
58;32;50
58;119;70
58;147;10
58;191;100
59;30;50
59;119;10
59;147;50
59;192;50
60;28;50
60;119;10
60;147;10
60;193;100
61;26;100
61;119;70
61;120;50
61;147;100
61;194;10
62;24;70
62;119;50
62;147;100
62;195;70
63;22;70
63;117;70
63;148;50
63;196;10
64;20;70
64;117;100
64;148;70
64;197;10
65;18;100
65;117;50
65;148;100
65;198;70
66;16;70
66;117;50
66;118;50
66;148;70
66;199;10
67;14;100
67;117;70
67;148;10
68;12;70
68;115;10
68;149;10
69;10;70
69;115;50
69;149;10
70;8;70
70;115;100
70;149;10
71;6;50
71;115;10
71;116;100
71;149;10
72;4;100
72;115;100
72;149;100
73;2;100
73;113;50
73;150;100
74;0;10
74;113;10
74;150;10
75;113;100
75;150;100
76;113;70
76;114;10
76;150;100
77;113;70
77;150;70
78;111;10
78;151;70
79;111;70
79;151;10
80;111;50
80;151;70
81;111;50
81;112;50
81;151;100
82;111;50
82;151;10
83;109;100
83;152;70
84;109;10
84;152;10
85;109;50
85;152;70
86;109;10
86;110;70
86;152;50
87;109;10
87;152;70
88;107;100
88;153;100
89;107;100
89;153;70
90;107;50
90;153;100
91;107;100
91;108;50
91;153;50
92;107;70
92;153;70
93;105;50
93;154;50
94;105;100
94;154;100
95;105;100
95;154;70
96;105;50
96;106;50
96;154;70
97;105;50
97;154;10
98;103;10
98;155;50
99;103;100
99;155;10
100;103;10
100;155;50
101;103;10
101;104;100
101;155;50
102;103;10
102;155;70
103;101;10
103;156;50
104;101;50
104;156;50
105;101;10
105;156;100
106;101;70
106;102;100
106;156;10
107;101;50
107;156;50
108;99;10
108;157;10
109;99;50
109;157;100
110;99;10
110;157;50
111;99;10
111;100;100
111;157;50
112;99;50
112;157;10
113;97;100
113;158;70
114;97;70
114;158;100
115;97;10
115;158;10
116;97;70
116;98;10
116;158;100
117;97;50
117;158;70
118;95;50
118;159;70
119;95;100
119;159;50
120;95;10
120;159;10
121;95;100
121;96;10
121;159;10
122;95;100
122;159;50
123;93;70
123;160;10
124;93;100
124;160;10
125;93;70
125;160;70
126;93;50
126;94;50
126;160;50
127;93;50
127;160;100
128;91;50
128;161;50
129;91;10
129;161;10
130;91;100
130;161;10
131;91;50
131;92;70
131;161;100
132;91;50
132;161;70
133;89;10
133;162;10
134;89;100
134;162;100
135;89;10
135;162;50
136;89;70
136;90;50
136;162;50
137;89;100
137;162;70
138;87;70
138;163;50
139;87;70
139;163;50
140;87;50
140;163;10
141;87;70
141;88;70
141;163;50
142;87;10
142;163;50
143;85;100
143;164;70
144;85;50
144;164;50
145;85;70
145;164;10
146;85;70
146;86;10
146;164;100
147;85;100
147;164;10
148;83;10
148;165;50
149;83;50
149;165;100
150;83;50
150;165;100
151;83;100
151;84;10
151;165;100
152;83;70
152;165;50
153;81;50
153;166;70
154;81;50
154;166;50
155;81;70
155;166;10
156;81;50
156;166;100
157;81;100
157;82;10
157;166;70
158;81;100
158;166;10
159;79;10
159;167;50
160;79;70
160;167;10
161;79;50
161;167;10
162;79;70
162;167;10
163;79;10
163;80;70
163;167;100
164;79;10
164;167;10
165;77;10
165;168;100
166;77;70
166;168;70
167;77;10
167;168;50
168;77;10
168;168;10
169;77;70
169;78;100
169;168;70
170;77;10
170;168;70
171;75;10
171;169;70
172;75;100
172;169;100
173;75;70
173;169;10
174;75;50
174;169;100
175;75;70
175;76;100
175;169;50
176;75;70
176;169;50
177;73;10
177;170;10
178;73;70
178;170;100
179;73;10
179;170;50
180;73;50
180;170;100
181;73;70
181;74;10
181;170;70
182;73;50
182;170;70
183;71;100
183;171;100
184;71;50
184;171;100
185;71;50
185;171;50
186;71;50
186;171;10
187;71;50
187;72;50
187;171;70
188;71;70
188;171;100
189;69;50
189;172;100
190;69;10
190;172;100
191;69;70
191;172;10
192;69;70
192;172;100
193;69;100
193;70;50
193;172;70
194;69;70
194;172;70
195;67;10
195;173;100
196;67;50
196;173;10
197;67;100
197;173;10
198;67;100
198;173;70
199;67;50
199;68;50
199;173;100
200;67;50
200;173;10
201;65;50
201;174;50
202;65;50
202;174;10
203;65;70
203;174;70
204;65;70
204;174;10
205;65;50
205;66;10
205;174;50
206;65;50
206;174;70
207;63;70
207;175;70
208;63;50
208;175;10
209;63;50
209;175;50
210;63;50
210;175;100
211;63;70
211;64;100
211;175;50
212;63;50
212;175;70
213;61;10
213;176;10
214;61;70
214;176;70
215;61;100
215;176;10
216;61;70
216;176;10
217;61;10
217;62;70
217;176;50
218;61;10
218;176;100
219;59;70
219;177;70
220;59;100
220;177;70
221;59;100
221;177;100
222;59;100
222;177;70
223;59;70
223;60;10
223;177;10
224;59;100
224;177;10
225;57;70
225;178;100
226;57;10
226;178;10
227;57;70
227;178;10
228;57;50
228;178;100
229;57;70
229;58;50
229;178;50
230;57;50
230;178;100
231;55;100
231;179;50
232;55;50
232;179;50
233;55;70
233;179;50
234;55;50
234;179;10
235;55;70
235;56;70
235;179;70
236;55;100
236;179;10
237;53;70
237;180;100
238;53;70
238;180;70
239;53;70
239;180;10
240;53;50
240;180;70
241;53;100
241;54;50
241;180;70
242;53;50
242;180;50
243;51;50
243;181;70
244;51;50
244;181;70
245;51;100
245;181;10
246;51;100
246;181;50
247;51;70
247;52;70
247;181;50
248;51;70
248;181;70
249;49;10
249;182;10
250;49;50
250;182;50
251;49;10
251;182;10
252;49;100
252;182;70
253;49;10
253;50;50
253;182;100
254;49;100
254;182;50
255;47;70
255;183;100
256;47;50
256;183;100
257;47;100
257;183;10
258;47;10
258;183;10
259;47;10
259;48;100
259;183;50
260;47;10
260;183;50
261;45;50
261;184;10
262;45;70
262;184;100
263;45;50
263;184;50
264;45;10
264;184;50
265;45;100
265;46;70
265;184;70
266;45;70
266;184;70
267;43;70
267;185;100
268;43;100
268;185;10
269;43;10
269;185;100
270;43;10
270;185;50
271;43;70
271;44;70
271;185;10
272;43;10
272;185;10
273;41;10
273;186;10
274;41;70
274;186;50
275;41;10
275;186;100
276;41;10
276;186;70
277;41;100
277;42;100
277;186;70
278;41;50
278;186;70
279;39;100
279;187;70
280;39;70
280;187;50
281;39;70
281;187;70
282;39;10
282;187;100
283;39;70
283;40;100
283;187;10
284;39;100
284;187;100
285;37;50
285;188;70
286;37;100
286;188;50
287;37;10
287;188;50
288;37;10
288;188;100
289;37;70
289;38;10
289;188;100
290;37;50
290;188;10
291;35;10
291;189;10
292;35;70
292;189;10
293;35;10
293;189;100
294;35;100
294;189;50
295;35;100
295;36;100
295;189;50
296;35;100
296;189;70
297;33;10
297;190;70
298;33;70
298;190;50
299;33;70
299;190;100
300;33;100
300;190;10
301;33;50
301;34;70
301;190;10
302;33;50
302;190;10
303;31;100
303;191;10
304;31;70
304;191;10
305;31;100
305;191;70
306;31;10
306;191;70
307;31;50
307;32;70
307;191;70
308;31;50
308;191;50
309;29;70
309;192;10
310;29;50
310;192;100
311;29;10
311;192;70
312;29;70
312;192;100
313;29;10
313;30;100
313;192;50
314;29;10
314;192;10
315;27;50
315;193;100
316;27;50
316;193;100
317;27;70
317;193;100
318;27;10
318;193;100
319;27;10
319;28;50
319;193;50
320;27;70
320;193;70
321;25;10
321;194;100
322;25;50
322;194;100
323;25;100
323;194;10
324;25;70
324;194;10
325;25;100
325;26;70
325;194;70
326;25;10
326;194;10
327;23;50
327;195;10
328;23;100
328;195;70
329;23;10
329;195;50
330;23;50
330;195;50
331;23;100
331;24;70
331;195;10
332;23;10
332;195;10
333;21;100
333;196;50
334;21;10
334;196;50
335;21;70
335;196;100
336;21;50
336;196;10
337;21;50
337;22;50
337;196;10
338;21;100
338;196;100
339;19;70
339;197;70
340;19;10
340;197;10
341;19;100
341;197;10
342;19;100
342;197;50
343;19;10
343;20;100
343;197;100
344;19;50
344;197;100
345;17;50
345;198;10
346;17;10
346;198;50
347;17;100
347;198;100
348;17;70
348;198;10
349;17;50
349;18;100
349;198;50
350;17;100
350;198;10
351;15;50
351;199;10
352;15;10
352;199;100
353;15;50
353;199;10
354;15;10
354;199;100
355;15;10
355;16;100
355;199;10
356;15;10
356;199;10
357;13;70
358;13;70
359;13;100
360;13;70
361;13;70
361;14;50
362;13;100
363;11;10
364;11;50
365;11;100
366;11;50
367;11;100
367;12;50
368;11;70
369;9;70
370;9;10
371;9;10
372;9;70
373;9;10
373;10;100
374;9;100
375;7;50
376;7;10
377;7;50
378;7;50
379;7;50
379;8;70
380;7;70
381;5;100
382;5;100
383;5;70
384;5;10
385;5;10
385;6;70
386;5;50
387;3;70
388;3;10
389;3;10
390;3;100
391;3;50
391;4;50
392;3;100
393;1;100
394;1;70
395;1;70
396;1;10
397;1;50
397;2;100
398;1;70
399;0;100
0;0;80
0;1;70
0;2;60
0;3;50
0;4;40
0;5;30
0;6;20
0;7;10
1;0;10
1;1;10
1;2;10
1;3;10
1;4;10
1;5;10
1;6;10
1;7;10
2;0;10
2;1;10
2;2;10
2;3;10
2;4;10
2;5;10
2;6;10
2;7;10
3;0;80
3;1;70
3;2;60
3;3;50
3;4;40
3;5;30
3;6;20
3;7;10
4;0;80
4;1;70
4;2;60
4;3;50
4;4;40
4;5;30
4;6;20
4;7;10
5;0;10
5;1;20
5;2;30
5;3;40
5;4;50
5;5;60
5;6;70
5;7;80
6;0;10
6;1;10
6;2;10
6;3;10
6;4;10
6;5;10
6;6;10
6;7;10
7;0;10
7;1;20
7;2;30
7;3;40
7;4;50
7;5;60
7;6;70
7;7;80
8;0;80
8;1;70
8;2;60
8;3;50
8;4;40
8;5;30
8;6;20
8;7;10
9;0;80
9;1;70
9;2;60
9;3;50
9;4;40
9;5;30
9;6;20
9;7;10
10;0;10
10;1;20
10;2;30
10;3;40
10;4;50
10;5;60
10;6;70
10;7;80
11;0;10
11;1;10
11;2;10
11;3;10
11;4;10
11;5;10
11;6;10
11;7;10
12;0;80
12;1;70
12;2;60
12;3;50
12;4;40
12;5;30
12;6;20
12;7;10
13;0;10
13;1;10
13;2;10
13;3;10
13;4;10
13;5;10
13;6;10
13;7;10
14;0;10
14;1;10
14;2;10
14;3;10
14;4;10
14;5;10
14;6;10
14;7;10
15;0;80
15;1;70
15;2;60
15;3;50
15;4;40
15;5;30
15;6;20
15;7;10
16;0;10
16;1;10
16;2;10
16;3;10
16;4;10
16;5;10
16;6;10
16;7;10
17;0;10
17;1;10
17;2;10
17;3;10
17;4;10
17;5;10
17;6;10
17;7;10
18;0;10
18;1;10
18;2;10
18;3;10
18;4;10
18;5;10
18;6;10
18;7;10
19;0;80
19;1;70
19;2;60
19;3;50
19;4;40
19;5;30
19;6;20
19;7;10
20;0;10
20;1;10
20;2;10
20;3;10
20;4;10
20;5;10
20;6;10
20;7;10
21;0;10
21;1;10
21;2;10
21;3;10
21;4;10
21;5;10
21;6;10
21;7;10
22;0;10
22;1;20
22;2;30
22;3;40
22;4;50
22;5;60
22;6;70
22;7;80
23;0;80
23;1;70
23;2;60
23;3;50
23;4;40
23;5;30
23;6;20
23;7;10
24;0;80
24;1;70
24;2;60
24;3;50
24;4;40
24;5;30
24;6;20
24;7;10
25;0;10
25;1;20
25;2;30
25;3;40
25;4;50
25;5;60
25;6;70
25;7;80
26;0;10
26;1;20
26;2;30
26;3;40
26;4;50
26;5;60
26;6;70
26;7;80
27;0;80
27;1;70
27;2;60
27;3;50
27;4;40
27;5;30
27;6;20
27;7;10
28;0;10
28;1;20
28;2;30
28;3;40
28;4;50
28;5;60
28;6;70
28;7;80
29;0;10
29;1;20
29;2;30
29;3;40
29;4;50
29;5;60
29;6;70
29;7;80
30;0;10
30;1;20
30;2;30
30;3;40
30;4;50
30;5;60
30;6;70
30;7;80
31;0;80
31;1;70
31;2;60
31;3;50
31;4;40
31;5;30
31;6;20
31;7;10
32;0;80
32;1;70
32;2;60
32;3;50
32;4;40
32;5;30
32;6;20
32;7;10
33;0;10
33;1;20
33;2;30
33;3;40
33;4;50
33;5;60
33;6;70
33;7;80
34;0;10
34;1;10
34;2;10
34;3;10
34;4;10
34;5;10
34;6;10
34;7;10
35;0;10
35;1;20
35;2;30
35;3;40
35;4;50
35;5;60
35;6;70
35;7;80
36;0;80
36;1;70
36;2;60
36;3;50
36;4;40
36;5;30
36;6;20
36;7;10
37;0;80
37;1;70
37;2;60
37;3;50
37;4;40
37;5;30
37;6;20
37;7;10
38;0;10
38;1;10
38;2;10
38;3;10
38;4;10
38;5;10
38;6;10
38;7;10
39;0;10
39;1;20
39;2;30
39;3;40
39;4;50
39;5;60
39;6;70
39;7;80
40;0;80
40;1;70
40;2;60
40;3;50
40;4;40
40;5;30
40;6;20
40;7;10
41;0;10
41;1;10
41;2;10
41;3;10
41;4;10
41;5;10
41;6;10
41;7;10
42;0;80
42;1;70
42;2;60
42;3;50
42;4;40
42;5;30
42;6;20
42;7;10
43;0;80
43;1;70
43;2;60
43;3;50
43;4;40
43;5;30
43;6;20
43;7;10
44;0;10
44;1;10
44;2;10
44;3;10
44;4;10
44;5;10
44;6;10
44;7;10
45;0;10
45;1;10
45;2;10
45;3;10
45;4;10
45;5;10
45;6;10
45;7;10
46;0;10
46;1;20
46;2;30
46;3;40
46;4;50
46;5;60
46;6;70
46;7;80
47;0;10
47;1;20
47;2;30
47;3;40
47;4;50
47;5;60
47;6;70
47;7;80
48;0;10
48;1;20
48;2;30
48;3;40
48;4;50
48;5;60
48;6;70
48;7;80
49;0;10
49;1;10
49;2;10
49;3;10
49;4;10
49;5;10
49;6;10
49;7;10
50;0;10
50;1;20
50;2;30
50;3;40
50;4;50
50;5;60
50;6;70
50;7;80
51;0;80
51;1;70
51;2;60
51;3;50
51;4;40
51;5;30
51;6;20
51;7;10
52;0;10
52;1;10
52;2;10
52;3;10
52;4;10
52;5;10
52;6;10
52;7;10
53;0;10
53;1;20
53;2;30
53;3;40
53;4;50
53;5;60
53;6;70
53;7;80
54;0;10
54;1;20
54;2;30
54;3;40
54;4;50
54;5;60
54;6;70
54;7;80
55;0;10
55;1;10
55;2;10
55;3;10
55;4;10
55;5;10
55;6;10
55;7;10
56;0;10
56;1;20
56;2;30
56;3;40
56;4;50
56;5;60
56;6;70
56;7;80
57;0;10
57;1;20
57;2;30
57;3;40
57;4;50
57;5;60
57;6;70
57;7;80
58;0;10
58;1;20
58;2;30
58;3;40
58;4;50
58;5;60
58;6;70
58;7;80
59;0;80
59;1;70
59;2;60
59;3;50
59;4;40
59;5;30
59;6;20
59;7;10
60;0;80
60;1;70
60;2;60
60;3;50
60;4;40
60;5;30
60;6;20
60;7;10
61;0;10
61;1;20
61;2;30
61;3;40
61;4;50
61;5;60
61;6;70
61;7;80
62;0;10
62;1;10
62;2;10
62;3;10
62;4;10
62;5;10
62;6;10
62;7;10
63;0;10
63;1;10
63;2;10
63;3;10
63;4;10
63;5;10
63;6;10
63;7;10
64;0;80
64;1;70
64;2;60
64;3;50
64;4;40
64;5;30
64;6;20
64;7;10
65;0;80
65;1;70
65;2;60
65;3;50
65;4;40
65;5;30
65;6;20
65;7;10
66;0;10
66;1;10
66;2;10
66;3;10
66;4;10
66;5;10
66;6;10
66;7;10
67;0;80
67;1;70
67;2;60
67;3;50
67;4;40
67;5;30
67;6;20
67;7;10
68;0;10
68;1;20
68;2;30
68;3;40
68;4;50
68;5;60
68;6;70
68;7;80
69;0;10
69;1;20
69;2;30
69;3;40
69;4;50
69;5;60
69;6;70
69;7;80
70;0;10
70;1;10
70;2;10
70;3;10
70;4;10
70;5;10
70;6;10
70;7;10
71;0;10
71;1;10
71;2;10
71;3;10
71;4;10
71;5;10
71;6;10
71;7;10
72;0;10
72;1;20
72;2;30
72;3;40
72;4;50
72;5;60
72;6;70
72;7;80
73;0;10
73;1;20
73;2;30
73;3;40
73;4;50
73;5;60
73;6;70
73;7;80
74;0;10
74;1;10
74;2;10
74;3;10
74;4;10
74;5;10
74;6;10
74;7;10
75;0;80
75;1;70
75;2;60
75;3;50
75;4;40
75;5;30
75;6;20
75;7;10
76;0;10
76;1;10
76;2;10
76;3;10
76;4;10
76;5;10
76;6;10
76;7;10
77;0;80
77;1;70
77;2;60
77;3;50
77;4;40
77;5;30
77;6;20
77;7;10
78;0;80
78;1;70
78;2;60
78;3;50
78;4;40
78;5;30
78;6;20
78;7;10
79;0;10
79;1;10
79;2;10
79;3;10
79;4;10
79;5;10
79;6;10
79;7;10
80;0;10
80;1;10
80;2;10
80;3;10
80;4;10
80;5;10
80;6;10
80;7;10
81;0;80
81;1;70
81;2;60
81;3;50
81;4;40
81;5;30
81;6;20
81;7;10
82;0;10
82;1;20
82;2;30
82;3;40
82;4;50
82;5;60
82;6;70
82;7;80
83;0;10
83;1;10
83;2;10
83;3;10
83;4;10
83;5;10
83;6;10
83;7;10
84;0;80
84;1;70
84;2;60
84;3;50
84;4;40
84;5;30
84;6;20
84;7;10
85;0;80
85;1;70
85;2;60
85;3;50
85;4;40
85;5;30
85;6;20
85;7;10
86;0;80
86;1;70
86;2;60
86;3;50
86;4;40
86;5;30
86;6;20
86;7;10
87;0;10
87;1;20
87;2;30
87;3;40
87;4;50
87;5;60
87;6;70
87;7;80
88;0;10
88;1;20
88;2;30
88;3;40
88;4;50
88;5;60
88;6;70
88;7;80
89;0;80
89;1;70
89;2;60
89;3;50
89;4;40
89;5;30
89;6;20
89;7;10
90;0;10
90;1;20
90;2;30
90;3;40
90;4;50
90;5;60
90;6;70
90;7;80
91;0;80
91;1;70
91;2;60
91;3;50
91;4;40
91;5;30
91;6;20
91;7;10
92;0;10
92;1;10
92;2;10
92;3;10
92;4;10
92;5;10
92;6;10
92;7;10
93;0;80
93;1;70
93;2;60
93;3;50
93;4;40
93;5;30
93;6;20
93;7;10
94;0;10
94;1;10
94;2;10
94;3;10
94;4;10
94;5;10
94;6;10
94;7;10
95;0;10
95;1;10
95;2;10
95;3;10
95;4;10
95;5;10
95;6;10
95;7;10
96;0;80
96;1;70
96;2;60
96;3;50
96;4;40
96;5;30
96;6;20
96;7;10
97;0;10
97;1;10
97;2;10
97;3;10
97;4;10
97;5;10
97;6;10
97;7;10
98;0;10
98;1;10
98;2;10
98;3;10
98;4;10
98;5;10
98;6;10
98;7;10
99;0;10
99;1;20
99;2;30
99;3;40
99;4;50
99;5;60
99;6;70
99;7;80
100;0;10
100;1;10
100;2;10
100;3;10
100;4;10
100;5;10
100;6;10
100;7;10
101;0;10
101;1;20
101;2;30
101;3;40
101;4;50
101;5;60
101;6;70
101;7;80
102;0;10
102;1;10
102;2;10
102;3;10
102;4;10
102;5;10
102;6;10
102;7;10
103;0;80
103;1;70
103;2;60
103;3;50
103;4;40
103;5;30
103;6;20
103;7;10
104;0;10
104;1;20
104;2;30
104;3;40
104;4;50
104;5;60
104;6;70
104;7;80
105;0;10
105;1;10
105;2;10
105;3;10
105;4;10
105;5;10
105;6;10
105;7;10
106;0;10
106;1;20
106;2;30
106;3;40
106;4;50
106;5;60
106;6;70
106;7;80
107;0;80
107;1;70
107;2;60
107;3;50
107;4;40
107;5;30
107;6;20
107;7;10
108;0;10
108;1;20
108;2;30
108;3;40
108;4;50
108;5;60
108;6;70
108;7;80
109;0;80
109;1;70
109;2;60
109;3;50
109;4;40
109;5;30
109;6;20
109;7;10
110;0;10
110;1;10
110;2;10
110;3;10
110;4;10
110;5;10
110;6;10
110;7;10
111;0;10
111;1;20
111;2;30
111;3;40
111;4;50
111;5;60
111;6;70
111;7;80
112;0;80
112;1;70
112;2;60
112;3;50
112;4;40
112;5;30
112;6;20
112;7;10
113;0;10
113;1;20
113;2;30
113;3;40
113;4;50
113;5;60
113;6;70
113;7;80
114;0;10
114;1;20
114;2;30
114;3;40
114;4;50
114;5;60
114;6;70
114;7;80
115;0;10
115;1;10
115;2;10
115;3;10
115;4;10
115;5;10
115;6;10
115;7;10
116;0;10
116;1;10
116;2;10
116;3;10
116;4;10
116;5;10
116;6;10
116;7;10
117;0;10
117;1;10
117;2;10
117;3;10
117;4;10
117;5;10
117;6;10
117;7;10
118;0;10
118;1;10
118;2;10
118;3;10
118;4;10
118;5;10
118;6;10
118;7;10
119;0;10
119;1;20
119;2;30
119;3;40
119;4;50
119;5;60
119;6;70
119;7;80
120;0;80
120;1;70
120;2;60
120;3;50
120;4;40
120;5;30
120;6;20
120;7;10
121;0;10
121;1;10
121;2;10
121;3;10
121;4;10
121;5;10
121;6;10
121;7;10
122;0;10
122;1;10
122;2;10
122;3;10
122;4;10
122;5;10
122;6;10
122;7;10
123;0;10
123;1;10
123;2;10
123;3;10
123;4;10
123;5;10
123;6;10
123;7;10
124;0;10
124;1;10
124;2;10
124;3;10
124;4;10
124;5;10
124;6;10
124;7;10
125;0;10
125;1;10
125;2;10
125;3;10
125;4;10
125;5;10
125;6;10
125;7;10
126;0;80
126;1;70
126;2;60
126;3;50
126;4;40
126;5;30
126;6;20
126;7;10
127;0;80
127;1;70
127;2;60
127;3;50
127;4;40
127;5;30
127;6;20
127;7;10
128;0;10
128;1;10
128;2;10
128;3;10
128;4;10
128;5;10
128;6;10
128;7;10
129;0;10
129;1;20
129;2;30
129;3;40
129;4;50
129;5;60
129;6;70
129;7;80
130;0;10
130;1;10
130;2;10
130;3;10
130;4;10
130;5;10
130;6;10
130;7;10
131;0;10
131;1;10
131;2;10
131;3;10
131;4;10
131;5;10
131;6;10
131;7;10
132;0;10
132;1;10
132;2;10
132;3;10
132;4;10
132;5;10
132;6;10
132;7;10
133;0;10
133;1;20
133;2;30
133;3;40
133;4;50
133;5;60
133;6;70
133;7;80
134;0;80
134;1;70
134;2;60
134;3;50
134;4;40
134;5;30
134;6;20
134;7;10
135;0;10
135;1;10
135;2;10
135;3;10
135;4;10
135;5;10
135;6;10
135;7;10
136;0;10
136;1;20
136;2;30
136;3;40
136;4;50
136;5;60
136;6;70
136;7;80
137;0;10
137;1;10
137;2;10
137;3;10
137;4;10
137;5;10
137;6;10
137;7;10
138;0;80
138;1;70
138;2;60
138;3;50
138;4;40
138;5;30
138;6;20
138;7;10
139;0;80
139;1;70
139;2;60
139;3;50
139;4;40
139;5;30
139;6;20
139;7;10
140;0;10
140;1;10
140;2;10
140;3;10
140;4;10
140;5;10
140;6;10
140;7;10
141;0;10
141;1;10
141;2;10
141;3;10
141;4;10
141;5;10
141;6;10
141;7;10
142;0;80
142;1;70
142;2;60
142;3;50
142;4;40
142;5;30
142;6;20
142;7;10
143;0;10
143;1;20
143;2;30
143;3;40
143;4;50
143;5;60
143;6;70
143;7;80
144;0;10
144;1;10
144;2;10
144;3;10
144;4;10
144;5;10
144;6;10
144;7;10
145;0;80
145;1;70
145;2;60
145;3;50
145;4;40
145;5;30
145;6;20
145;7;10
146;0;10
146;1;20
146;2;30
146;3;40
146;4;50
146;5;60
146;6;70
146;7;80
147;0;10
147;1;20
147;2;30
147;3;40
147;4;50
147;5;60
147;6;70
147;7;80
148;0;10
148;1;20
148;2;30
148;3;40
148;4;50
148;5;60
148;6;70
148;7;80
149;0;80
149;1;70
149;2;60
149;3;50
149;4;40
149;5;30
149;6;20
149;7;10
150;0;10
150;1;10
150;2;10
150;3;10
150;4;10
150;5;10
150;6;10
150;7;10
151;0;10
151;1;20
151;2;30
151;3;40
151;4;50
151;5;60
151;6;70
151;7;80
152;0;80
152;1;70
152;2;60
152;3;50
152;4;40
152;5;30
152;6;20
152;7;10
153;0;80
153;1;70
153;2;60
153;3;50
153;4;40
153;5;30
153;6;20
153;7;10
154;0;10
154;1;10
154;2;10
154;3;10
154;4;10
154;5;10
154;6;10
154;7;10
155;0;80
155;1;70
155;2;60
155;3;50
155;4;40
155;5;30
155;6;20
155;7;10
156;0;10
156;1;10
156;2;10
156;3;10
156;4;10
156;5;10
156;6;10
156;7;10
157;0;10
157;1;20
157;2;30
157;3;40
157;4;50
157;5;60
157;6;70
157;7;80
158;0;80
158;1;70
158;2;60
158;3;50
158;4;40
158;5;30
158;6;20
158;7;10
159;0;80
159;1;70
159;2;60
159;3;50
159;4;40
159;5;30
159;6;20
159;7;10
160;0;10
160;1;10
160;2;10
160;3;10
160;4;10
160;5;10
160;6;10
160;7;10
161;0;10
161;1;20
161;2;30
161;3;40
161;4;50
161;5;60
161;6;70
161;7;80
162;0;10
162;1;10
162;2;10
162;3;10
162;4;10
162;5;10
162;6;10
162;7;10
163;0;10
163;1;10
163;2;10
163;3;10
163;4;10
163;5;10
163;6;10
163;7;10
164;0;10
164;1;10
164;2;10
164;3;10
164;4;10
164;5;10
164;6;10
164;7;10
165;0;10
165;1;10
165;2;10
165;3;10
165;4;10
165;5;10
165;6;10
165;7;10
166;0;80
166;1;70
166;2;60
166;3;50
166;4;40
166;5;30
166;6;20
166;7;10
167;0;10
167;1;20
167;2;30
167;3;40
167;4;50
167;5;60
167;6;70
167;7;80
168;0;10
168;1;10
168;2;10
168;3;10
168;4;10
168;5;10
168;6;10
168;7;10
169;0;80
169;1;70
169;2;60
169;3;50
169;4;40
169;5;30
169;6;20
169;7;10
170;0;10
170;1;20
170;2;30
170;3;40
170;4;50
170;5;60
170;6;70
170;7;80
171;0;80
171;1;70
171;2;60
171;3;50
171;4;40
171;5;30
171;6;20
171;7;10
172;0;10
172;1;20
172;2;30
172;3;40
172;4;50
172;5;60
172;6;70
172;7;80
173;0;80
173;1;70
173;2;60
173;3;50
173;4;40
173;5;30
173;6;20
173;7;10
174;0;80
174;1;70
174;2;60
174;3;50
174;4;40
174;5;30
174;6;20
174;7;10
175;0;80
175;1;70
175;2;60
175;3;50
175;4;40
175;5;30
175;6;20
175;7;10
176;0;10
176;1;10
176;2;10
176;3;10
176;4;10
176;5;10
176;6;10
176;7;10
177;0;10
177;1;10
177;2;10
177;3;10
177;4;10
177;5;10
177;6;10
177;7;10
178;0;80
178;1;70
178;2;60
178;3;50
178;4;40
178;5;30
178;6;20
178;7;10
179;0;10
179;1;10
179;2;10
179;3;10
179;4;10
179;5;10
179;6;10
179;7;10
180;0;80
180;1;70
180;2;60
180;3;50
180;4;40
180;5;30
180;6;20
180;7;10
181;0;10
181;1;20
181;2;30
181;3;40
181;4;50
181;5;60
181;6;70
181;7;80
182;0;10
182;1;20
182;2;30
182;3;40
182;4;50
182;5;60
182;6;70
182;7;80
183;0;10
183;1;20
183;2;30
183;3;40
183;4;50
183;5;60
183;6;70
183;7;80
184;0;10
184;1;20
184;2;30
184;3;40
184;4;50
184;5;60
184;6;70
184;7;80
185;0;10
185;1;20
185;2;30
185;3;40
185;4;50
185;5;60
185;6;70
185;7;80
186;0;10
186;1;10
186;2;10
186;3;10
186;4;10
186;5;10
186;6;10
186;7;10
187;0;10
187;1;20
187;2;30
187;3;40
187;4;50
187;5;60
187;6;70
187;7;80
188;0;80
188;1;70
188;2;60
188;3;50
188;4;40
188;5;30
188;6;20
188;7;10
189;0;10
189;1;20
189;2;30
189;3;40
189;4;50
189;5;60
189;6;70
189;7;80
190;0;10
190;1;10
190;2;10
190;3;10
190;4;10
190;5;10
190;6;10
190;7;10
191;0;80
191;1;70
191;2;60
191;3;50
191;4;40
191;5;30
191;6;20
191;7;10
192;0;80
192;1;70
192;2;60
192;3;50
192;4;40
192;5;30
192;6;20
192;7;10
193;0;80
193;1;70
193;2;60
193;3;50
193;4;40
193;5;30
193;6;20
193;7;10
194;0;80
194;1;70
194;2;60
194;3;50
194;4;40
194;5;30
194;6;20
194;7;10
195;0;10
195;1;10
195;2;10
195;3;10
195;4;10
195;5;10
195;6;10
195;7;10
196;0;10
196;1;20
196;2;30
196;3;40
196;4;50
196;5;60
196;6;70
196;7;80
197;0;10
197;1;20
197;2;30
197;3;40
197;4;50
197;5;60
197;6;70
197;7;80
198;0;10
198;1;20
198;2;30
198;3;40
198;4;50
198;5;60
198;6;70
198;7;80
199;0;10
199;1;20
199;2;30
199;3;40
199;4;50
199;5;60
199;6;70
199;7;80
200;0;80
200;1;70
200;2;60
200;3;50
200;4;40
200;5;30
200;6;20
200;7;10
201;0;10
201;1;20
201;2;30
201;3;40
201;4;50
201;5;60
201;6;70
201;7;80
202;0;10
202;1;20
202;2;30
202;3;40
202;4;50
202;5;60
202;6;70
202;7;80
203;0;80
203;1;70
203;2;60
203;3;50
203;4;40
203;5;30
203;6;20
203;7;10
204;0;80
204;1;70
204;2;60
204;3;50
204;4;40
204;5;30
204;6;20
204;7;10
205;0;10
205;1;10
205;2;10
205;3;10
205;4;10
205;5;10
205;6;10
205;7;10
206;0;80
206;1;70
206;2;60
206;3;50
206;4;40
206;5;30
206;6;20
206;7;10
207;0;10
207;1;10
207;2;10
207;3;10
207;4;10
207;5;10
207;6;10
207;7;10
208;0;10
208;1;10
208;2;10
208;3;10
208;4;10
208;5;10
208;6;10
208;7;10
209;0;10
209;1;10
209;2;10
209;3;10
209;4;10
209;5;10
209;6;10
209;7;10
210;0;10
210;1;20
210;2;30
210;3;40
210;4;50
210;5;60
210;6;70
210;7;80
211;0;10
211;1;20
211;2;30
211;3;40
211;4;50
211;5;60
211;6;70
211;7;80
212;0;10
212;1;20
212;2;30
212;3;40
212;4;50
212;5;60
212;6;70
212;7;80
213;0;80
213;1;70
213;2;60
213;3;50
213;4;40
213;5;30
213;6;20
213;7;10
214;0;10
214;1;20
214;2;30
214;3;40
214;4;50
214;5;60
214;6;70
214;7;80
215;0;10
215;1;20
215;2;30
215;3;40
215;4;50
215;5;60
215;6;70
215;7;80
216;0;10
216;1;10
216;2;10
216;3;10
216;4;10
216;5;10
216;6;10
216;7;10
217;0;10
217;1;20
217;2;30
217;3;40
217;4;50
217;5;60
217;6;70
217;7;80
218;0;80
218;1;70
218;2;60
218;3;50
218;4;40
218;5;30
218;6;20
218;7;10
219;0;10
219;1;20
219;2;30
219;3;40
219;4;50
219;5;60
219;6;70
219;7;80
220;0;10
220;1;20
220;2;30
220;3;40
220;4;50
220;5;60
220;6;70
220;7;80
221;0;10
221;1;20
221;2;30
221;3;40
221;4;50
221;5;60
221;6;70
221;7;80
222;0;10
222;1;10
222;2;10
222;3;10
222;4;10
222;5;10
222;6;10
222;7;10
223;0;10
223;1;20
223;2;30
223;3;40
223;4;50
223;5;60
223;6;70
223;7;80
224;0;10
224;1;10
224;2;10
224;3;10
224;4;10
224;5;10
224;6;10
224;7;10
225;0;10
225;1;10
225;2;10
225;3;10
225;4;10
225;5;10
225;6;10
225;7;10
226;0;10
226;1;20
226;2;30
226;3;40
226;4;50
226;5;60
226;6;70
226;7;80
227;0;80
227;1;70
227;2;60
227;3;50
227;4;40
227;5;30
227;6;20
227;7;10
228;0;10
228;1;20
228;2;30
228;3;40
228;4;50
228;5;60
228;6;70
228;7;80
229;0;80
229;1;70
229;2;60
229;3;50
229;4;40
229;5;30
229;6;20
229;7;10
230;0;80
230;1;70
230;2;60
230;3;50
230;4;40
230;5;30
230;6;20
230;7;10
231;0;80
231;1;70
231;2;60
231;3;50
231;4;40
231;5;30
231;6;20
231;7;10
232;0;10
232;1;10
232;2;10
232;3;10
232;4;10
232;5;10
232;6;10
232;7;10
233;0;80
233;1;70
233;2;60
233;3;50
233;4;40
233;5;30
233;6;20
233;7;10
234;0;10
234;1;20
234;2;30
234;3;40
234;4;50
234;5;60
234;6;70
234;7;80
235;0;10
235;1;10
235;2;10
235;3;10
235;4;10
235;5;10
235;6;10
235;7;10
236;0;10
236;1;10
236;2;10
236;3;10
236;4;10
236;5;10
236;6;10
236;7;10
237;0;10
237;1;10
237;2;10
237;3;10
237;4;10
237;5;10
237;6;10
237;7;10
238;0;10
238;1;10
238;2;10
238;3;10
238;4;10
238;5;10
238;6;10
238;7;10
239;0;80
239;1;70
239;2;60
239;3;50
239;4;40
239;5;30
239;6;20
239;7;10
240;0;10
240;1;10
240;2;10
240;3;10
240;4;10
240;5;10
240;6;10
240;7;10
241;0;80
241;1;70
241;2;60
241;3;50
241;4;40
241;5;30
241;6;20
241;7;10
242;0;10
242;1;20
242;2;30
242;3;40
242;4;50
242;5;60
242;6;70
242;7;80
243;0;10
243;1;20
243;2;30
243;3;40
243;4;50
243;5;60
243;6;70
243;7;80
244;0;10
244;1;20
244;2;30
244;3;40
244;4;50
244;5;60
244;6;70
244;7;80
245;0;10
245;1;10
245;2;10
245;3;10
245;4;10
245;5;10
245;6;10
245;7;10
246;0;10
246;1;20
246;2;30
246;3;40
246;4;50
246;5;60
246;6;70
246;7;80
247;0;10
247;1;10
247;2;10
247;3;10
247;4;10
247;5;10
247;6;10
247;7;10
248;0;10
248;1;10
248;2;10
248;3;10
248;4;10
248;5;10
248;6;10
248;7;10
249;0;80
249;1;70
249;2;60
249;3;50
249;4;40
249;5;30
249;6;20
249;7;10
250;0;10
250;1;10
250;2;10
250;3;10
250;4;10
250;5;10
250;6;10
250;7;10
251;0;80
251;1;70
251;2;60
251;3;50
251;4;40
251;5;30
251;6;20
251;7;10
252;0;10
252;1;10
252;2;10
252;3;10
252;4;10
252;5;10
252;6;10
252;7;10
253;0;10
253;1;20
253;2;30
253;3;40
253;4;50
253;5;60
253;6;70
253;7;80
254;0;10
254;1;20
254;2;30
254;3;40
254;4;50
254;5;60
254;6;70
254;7;80
255;0;80
255;1;70
255;2;60
255;3;50
255;4;40
255;5;30
255;6;20
255;7;10
256;0;10
256;1;10
256;2;10
256;3;10
256;4;10
256;5;10
256;6;10
256;7;10
257;0;10
257;1;10
257;2;10
257;3;10
257;4;10
257;5;10
257;6;10
257;7;10
258;0;10
258;1;20
258;2;30
258;3;40
258;4;50
258;5;60
258;6;70
258;7;80
259;0;10
259;1;10
259;2;10
259;3;10
259;4;10
259;5;10
259;6;10
259;7;10
260;0;80
260;1;70
260;2;60
260;3;50
260;4;40
260;5;30
260;6;20
260;7;10
261;0;10
261;1;10
261;2;10
261;3;10
261;4;10
261;5;10
261;6;10
261;7;10
262;0;10
262;1;20
262;2;30
262;3;40
262;4;50
262;5;60
262;6;70
262;7;80
263;0;10
263;1;20
263;2;30
263;3;40
263;4;50
263;5;60
263;6;70
263;7;80
264;0;80
264;1;70
264;2;60
264;3;50
264;4;40
264;5;30
264;6;20
264;7;10
265;0;80
265;1;70
265;2;60
265;3;50
265;4;40
265;5;30
265;6;20
265;7;10
266;0;10
266;1;10
266;2;10
266;3;10
266;4;10
266;5;10
266;6;10
266;7;10
267;0;80
267;1;70
267;2;60
267;3;50
267;4;40
267;5;30
267;6;20
267;7;10
268;0;80
268;1;70
268;2;60
268;3;50
268;4;40
268;5;30
268;6;20
268;7;10
269;0;10
269;1;10
269;2;10
269;3;10
269;4;10
269;5;10
269;6;10
269;7;10
270;0;10
270;1;10
270;2;10
270;3;10
270;4;10
270;5;10
270;6;10
270;7;10
271;0;10
271;1;20
271;2;30
271;3;40
271;4;50
271;5;60
271;6;70
271;7;80
272;0;80
272;1;70
272;2;60
272;3;50
272;4;40
272;5;30
272;6;20
272;7;10
273;0;10
273;1;20
273;2;30
273;3;40
273;4;50
273;5;60
273;6;70
273;7;80
274;0;80
274;1;70
274;2;60
274;3;50
274;4;40
274;5;30
274;6;20
274;7;10
275;0;10
275;1;20
275;2;30
275;3;40
275;4;50
275;5;60
275;6;70
275;7;80
276;0;10
276;1;10
276;2;10
276;3;10
276;4;10
276;5;10
276;6;10
276;7;10
277;0;10
277;1;10
277;2;10
277;3;10
277;4;10
277;5;10
277;6;10
277;7;10
278;0;10
278;1;10
278;2;10
278;3;10
278;4;10
278;5;10
278;6;10
278;7;10
279;0;10
279;1;10
279;2;10
279;3;10
279;4;10
279;5;10
279;6;10
279;7;10
280;0;80
280;1;70
280;2;60
280;3;50
280;4;40
280;5;30
280;6;20
280;7;10
281;0;10
281;1;10
281;2;10
281;3;10
281;4;10
281;5;10
281;6;10
281;7;10
282;0;10
282;1;20
282;2;30
282;3;40
282;4;50
282;5;60
282;6;70
282;7;80
283;0;10
283;1;20
283;2;30
283;3;40
283;4;50
283;5;60
283;6;70
283;7;80
284;0;80
284;1;70
284;2;60
284;3;50
284;4;40
284;5;30
284;6;20
284;7;10
285;0;10
285;1;20
285;2;30
285;3;40
285;4;50
285;5;60
285;6;70
285;7;80
286;0;10
286;1;20
286;2;30
286;3;40
286;4;50
286;5;60
286;6;70
286;7;80
287;0;10
287;1;10
287;2;10
287;3;10
287;4;10
287;5;10
287;6;10
287;7;10
288;0;80
288;1;70
288;2;60
288;3;50
288;4;40
288;5;30
288;6;20
288;7;10
289;0;80
289;1;70
289;2;60
289;3;50
289;4;40
289;5;30
289;6;20
289;7;10
290;0;10
290;1;20
290;2;30
290;3;40
290;4;50
290;5;60
290;6;70
290;7;80
291;0;80
291;1;70
291;2;60
291;3;50
291;4;40
291;5;30
291;6;20
291;7;10
292;0;10
292;1;10
292;2;10
292;3;10
292;4;10
292;5;10
292;6;10
292;7;10
293;0;10
293;1;20
293;2;30
293;3;40
293;4;50
293;5;60
293;6;70
293;7;80
294;0;10
294;1;20
294;2;30
294;3;40
294;4;50
294;5;60
294;6;70
294;7;80
295;0;10
295;1;10
295;2;10
295;3;10
295;4;10
295;5;10
295;6;10
295;7;10
296;0;10
296;1;20
296;2;30
296;3;40
296;4;50
296;5;60
296;6;70
296;7;80
297;0;10
297;1;20
297;2;30
297;3;40
297;4;50
297;5;60
297;6;70
297;7;80
298;0;10
298;1;10
298;2;10
298;3;10
298;4;10
298;5;10
298;6;10
298;7;10
299;0;10
299;1;10
299;2;10
299;3;10
299;4;10
299;5;10
299;6;10
299;7;10
300;0;80
300;1;70
300;2;60
300;3;50
300;4;40
300;5;30
300;6;20
300;7;10
301;0;10
301;1;10
301;2;10
301;3;10
301;4;10
301;5;10
301;6;10
301;7;10
302;0;10
302;1;20
302;2;30
302;3;40
302;4;50
302;5;60
302;6;70
302;7;80
303;0;10
303;1;20
303;2;30
303;3;40
303;4;50
303;5;60
303;6;70
303;7;80
304;0;10
304;1;20
304;2;30
304;3;40
304;4;50
304;5;60
304;6;70
304;7;80
305;0;80
305;1;70
305;2;60
305;3;50
305;4;40
305;5;30
305;6;20
305;7;10
306;0;80
306;1;70
306;2;60
306;3;50
306;4;40
306;5;30
306;6;20
306;7;10
307;0;10
307;1;10
307;2;10
307;3;10
307;4;10
307;5;10
307;6;10
307;7;10
308;0;10
308;1;10
308;2;10
308;3;10
308;4;10
308;5;10
308;6;10
308;7;10
309;0;80
309;1;70
309;2;60
309;3;50
309;4;40
309;5;30
309;6;20
309;7;10
310;0;10
310;1;20
310;2;30
310;3;40
310;4;50
310;5;60
310;6;70
310;7;80
311;0;10
311;1;20
311;2;30
311;3;40
311;4;50
311;5;60
311;6;70
311;7;80
312;0;80
312;1;70
312;2;60
312;3;50
312;4;40
312;5;30
312;6;20
312;7;10
313;0;80
313;1;70
313;2;60
313;3;50
313;4;40
313;5;30
313;6;20
313;7;10
314;0;10
314;1;10
314;2;10
314;3;10
314;4;10
314;5;10
314;6;10
314;7;10
315;0;10
315;1;20
315;2;30
315;3;40
315;4;50
315;5;60
315;6;70
315;7;80
316;0;10
316;1;20
316;2;30
316;3;40
316;4;50
316;5;60
316;6;70
316;7;80
317;0;80
317;1;70
317;2;60
317;3;50
317;4;40
317;5;30
317;6;20
317;7;10
318;0;80
318;1;70
318;2;60
318;3;50
318;4;40
318;5;30
318;6;20
318;7;10
319;0;10
319;1;20
319;2;30
319;3;40
319;4;50
319;5;60
319;6;70
319;7;80
320;0;80
320;1;70
320;2;60
320;3;50
320;4;40
320;5;30
320;6;20
320;7;10
321;0;80
321;1;70
321;2;60
321;3;50
321;4;40
321;5;30
321;6;20
321;7;10
322;0;10
322;1;20
322;2;30
322;3;40
322;4;50
322;5;60
322;6;70
322;7;80
323;0;80
323;1;70
323;2;60
323;3;50
323;4;40
323;5;30
323;6;20
323;7;10
324;0;80
324;1;70
324;2;60
324;3;50
324;4;40
324;5;30
324;6;20
324;7;10
325;0;10
325;1;10
325;2;10
325;3;10
325;4;10
325;5;10
325;6;10
325;7;10
326;0;80
326;1;70
326;2;60
326;3;50
326;4;40
326;5;30
326;6;20
326;7;10
327;0;10
327;1;20
327;2;30
327;3;40
327;4;50
327;5;60
327;6;70
327;7;80
328;0;10
328;1;10
328;2;10
328;3;10
328;4;10
328;5;10
328;6;10
328;7;10
329;0;80
329;1;70
329;2;60
329;3;50
329;4;40
329;5;30
329;6;20
329;7;10
330;0;10
330;1;10
330;2;10
330;3;10
330;4;10
330;5;10
330;6;10
330;7;10
331;0;10
331;1;10
331;2;10
331;3;10
331;4;10
331;5;10
331;6;10
331;7;10
332;0;10
332;1;20
332;2;30
332;3;40
332;4;50
332;5;60
332;6;70
332;7;80
333;0;80
333;1;70
333;2;60
333;3;50
333;4;40
333;5;30
333;6;20
333;7;10
334;0;10
334;1;20
334;2;30
334;3;40
334;4;50
334;5;60
334;6;70
334;7;80
335;0;10
335;1;10
335;2;10
335;3;10
335;4;10
335;5;10
335;6;10
335;7;10
336;0;80
336;1;70
336;2;60
336;3;50
336;4;40
336;5;30
336;6;20
336;7;10
337;0;10
337;1;10
337;2;10
337;3;10
337;4;10
337;5;10
337;6;10
337;7;10
338;0;10
338;1;10
338;2;10
338;3;10
338;4;10
338;5;10
338;6;10
338;7;10
339;0;10
339;1;10
339;2;10
339;3;10
339;4;10
339;5;10
339;6;10
339;7;10
340;0;10
340;1;10
340;2;10
340;3;10
340;4;10
340;5;10
340;6;10
340;7;10
341;0;10
341;1;20
341;2;30
341;3;40
341;4;50
341;5;60
341;6;70
341;7;80
342;0;10
342;1;20
342;2;30
342;3;40
342;4;50
342;5;60
342;6;70
342;7;80
343;0;80
343;1;70
343;2;60
343;3;50
343;4;40
343;5;30
343;6;20
343;7;10
344;0;10
344;1;10
344;2;10
344;3;10
344;4;10
344;5;10
344;6;10
344;7;10
345;0;10
345;1;20
345;2;30
345;3;40
345;4;50
345;5;60
345;6;70
345;7;80
346;0;10
346;1;20
346;2;30
346;3;40
346;4;50
346;5;60
346;6;70
346;7;80
347;0;80
347;1;70
347;2;60
347;3;50
347;4;40
347;5;30
347;6;20
347;7;10
348;0;80
348;1;70
348;2;60
348;3;50
348;4;40
348;5;30
348;6;20
348;7;10
349;0;10
349;1;20
349;2;30
349;3;40
349;4;50
349;5;60
349;6;70
349;7;80
350;0;80
350;1;70
350;2;60
350;3;50
350;4;40
350;5;30
350;6;20
350;7;10
351;0;10
351;1;20
351;2;30
351;3;40
351;4;50
351;5;60
351;6;70
351;7;80
352;0;80
352;1;70
352;2;60
352;3;50
352;4;40
352;5;30
352;6;20
352;7;10
353;0;80
353;1;70
353;2;60
353;3;50
353;4;40
353;5;30
353;6;20
353;7;10
354;0;10
354;1;20
354;2;30
354;3;40
354;4;50
354;5;60
354;6;70
354;7;80
355;0;80
355;1;70
355;2;60
355;3;50
355;4;40
355;5;30
355;6;20
355;7;10
356;0;80
356;1;70
356;2;60
356;3;50
356;4;40
356;5;30
356;6;20
356;7;10
357;0;80
357;1;70
357;2;60
357;3;50
357;4;40
357;5;30
357;6;20
357;7;10
358;0;10
358;1;20
358;2;30
358;3;40
358;4;50
358;5;60
358;6;70
358;7;80
359;0;10
359;1;20
359;2;30
359;3;40
359;4;50
359;5;60
359;6;70
359;7;80
360;0;10
360;1;10
360;2;10
360;3;10
360;4;10
360;5;10
360;6;10
360;7;10
361;0;10
361;1;10
361;2;10
361;3;10
361;4;10
361;5;10
361;6;10
361;7;10
362;0;80
362;1;70
362;2;60
362;3;50
362;4;40
362;5;30
362;6;20
362;7;10
363;0;10
363;1;20
363;2;30
363;3;40
363;4;50
363;5;60
363;6;70
363;7;80
364;0;10
364;1;10
364;2;10
364;3;10
364;4;10
364;5;10
364;6;10
364;7;10
365;0;80
365;1;70
365;2;60
365;3;50
365;4;40
365;5;30
365;6;20
365;7;10
366;0;10
366;1;10
366;2;10
366;3;10
366;4;10
366;5;10
366;6;10
366;7;10
367;0;80
367;1;70
367;2;60
367;3;50
367;4;40
367;5;30
367;6;20
367;7;10
368;0;80
368;1;70
368;2;60
368;3;50
368;4;40
368;5;30
368;6;20
368;7;10
369;0;80
369;1;70
369;2;60
369;3;50
369;4;40
369;5;30
369;6;20
369;7;10
370;0;10
370;1;20
370;2;30
370;3;40
370;4;50
370;5;60
370;6;70
370;7;80
371;0;80
371;1;70
371;2;60
371;3;50
371;4;40
371;5;30
371;6;20
371;7;10
372;0;10
372;1;10
372;2;10
372;3;10
372;4;10
372;5;10
372;6;10
372;7;10
373;0;10
373;1;10
373;2;10
373;3;10
373;4;10
373;5;10
373;6;10
373;7;10
374;0;80
374;1;70
374;2;60
374;3;50
374;4;40
374;5;30
374;6;20
374;7;10
375;0;10
375;1;20
375;2;30
375;3;40
375;4;50
375;5;60
375;6;70
375;7;80
376;0;10
376;1;20
376;2;30
376;3;40
376;4;50
376;5;60
376;6;70
376;7;80
377;0;10
377;1;20
377;2;30
377;3;40
377;4;50
377;5;60
377;6;70
377;7;80
378;0;10
378;1;20
378;2;30
378;3;40
378;4;50
378;5;60
378;6;70
378;7;80
379;0;80
379;1;70
379;2;60
379;3;50
379;4;40
379;5;30
379;6;20
379;7;10
380;0;10
380;1;10
380;2;10
380;3;10
380;4;10
380;5;10
380;6;10
380;7;10
381;0;80
381;1;70
381;2;60
381;3;50
381;4;40
381;5;30
381;6;20
381;7;10
382;0;10
382;1;20
382;2;30
382;3;40
382;4;50
382;5;60
382;6;70
382;7;80
383;0;10
383;1;10
383;2;10
383;3;10
383;4;10
383;5;10
383;6;10
383;7;10
384;0;10
384;1;20
384;2;30
384;3;40
384;4;50
384;5;60
384;6;70
384;7;80
385;0;10
385;1;20
385;2;30
385;3;40
385;4;50
385;5;60
385;6;70
385;7;80
386;0;10
386;1;10
386;2;10
386;3;10
386;4;10
386;5;10
386;6;10
386;7;10
387;0;10
387;1;20
387;2;30
387;3;40
387;4;50
387;5;60
387;6;70
387;7;80
388;0;10
388;1;10
388;2;10
388;3;10
388;4;10
388;5;10
388;6;10
388;7;10
389;0;80
389;1;70
389;2;60
389;3;50
389;4;40
389;5;30
389;6;20
389;7;10
390;0;10
390;1;10
390;2;10
390;3;10
390;4;10
390;5;10
390;6;10
390;7;10
391;0;80
391;1;70
391;2;60
391;3;50
391;4;40
391;5;30
391;6;20
391;7;10
392;0;10
392;1;10
392;2;10
392;3;10
392;4;10
392;5;10
392;6;10
392;7;10
393;0;10
393;1;10
393;2;10
393;3;10
393;4;10
393;5;10
393;6;10
393;7;10
394;0;10
394;1;10
394;2;10
394;3;10
394;4;10
394;5;10
394;6;10
394;7;10
395;0;10
395;1;20
395;2;30
395;3;40
395;4;50
395;5;60
395;6;70
395;7;80
396;0;10
396;1;20
396;2;30
396;3;40
396;4;50
396;5;60
396;6;70
396;7;80
397;0;10
397;1;20
397;2;30
397;3;40
397;4;50
397;5;60
397;6;70
397;7;80
398;0;80
398;1;70
398;2;60
398;3;50
398;4;40
398;5;30
398;6;20
398;7;10
399;0;10
399;1;20
399;2;30
399;3;40
399;4;50
399;5;60
399;6;70
399;7;80
