550;275;1304
0;183;10
1;183;10
1;184;100
2;183;10
2;185;100
3;184;50
3;186;100
4;184;50
4;187;50
5;184;70
5;188;50
6;185;10
6;189;10
7;185;100
7;190;50
8;185;10
8;191;100
9;180;70
9;186;10
9;192;100
10;178;70
10;186;10
10;193;70
11;176;100
11;186;100
11;194;50
12;174;50
12;186;70
12;195;100
13;172;70
13;187;10
13;196;70
14;170;70
14;187;100
14;197;50
15;168;10
15;187;100
15;198;70
16;166;100
16;187;10
16;199;50
17;164;70
17;188;50
17;200;10
18;162;70
18;188;70
18;201;50
19;160;10
19;188;70
19;202;10
20;158;50
20;188;100
20;203;70
21;156;70
21;189;70
21;204;100
22;154;70
22;189;100
22;205;70
23;152;70
23;189;100
23;206;50
24;150;50
24;189;10
24;207;70
25;148;50
25;182;10
25;190;70
25;208;100
26;146;70
26;182;50
26;190;70
26;209;70
27;144;10
27;182;100
27;190;50
27;210;100
28;142;70
28;182;10
28;190;70
28;211;10
29;140;50
29;181;70
29;191;50
29;212;100
30;138;50
30;181;50
30;191;10
30;213;10
31;136;50
31;181;10
31;191;70
31;214;70
32;134;10
32;181;10
32;191;100
32;215;10
33;132;100
33;179;100
33;192;100
33;216;50
34;130;10
34;179;70
34;192;100
34;217;10
35;128;70
35;179;70
35;192;50
35;218;50
36;126;50
36;179;70
36;180;10
36;192;10
36;219;70
37;124;50
37;179;10
37;192;10
37;220;70
38;122;70
38;177;50
38;193;50
38;221;100
39;120;100
39;177;50
39;193;50
39;222;100
40;118;10
40;177;10
40;193;100
40;223;50
41;116;70
41;177;100
41;178;100
41;193;50
41;224;50
42;114;50
42;177;50
42;193;50
42;225;50
43;112;100
43;175;50
43;194;10
43;226;100
44;110;50
44;175;100
44;194;10
44;227;50
45;108;100
45;175;70
45;194;50
45;228;70
46;106;70
46;175;50
46;176;70
46;194;100
46;229;50
47;104;50
47;175;70
47;194;100
47;230;100
48;102;10
48;173;10
48;195;70
48;231;70
49;100;70
49;173;100
49;195;50
49;232;50
50;98;70
50;173;70
50;195;70
50;233;100
51;96;10
51;173;100
51;174;50
51;195;10
51;234;50
52;94;10
52;173;100
52;195;50
52;235;50
53;92;70
53;171;100
53;196;10
53;236;70
54;90;50
54;171;70
54;196;50
54;237;10
55;88;10
55;171;50
55;196;50
55;238;70
56;86;10
56;171;50
56;172;70
56;196;70
56;239;10
57;84;70
57;171;100
57;196;100
57;240;10
58;82;50
58;169;70
58;197;70
58;241;50
59;80;70
59;169;70
59;197;70
59;242;10
60;78;10
60;169;50
60;197;100
60;243;10
61;76;10
61;169;50
61;170;70
61;197;70
61;244;50
62;74;10
62;169;100
62;197;70
62;245;100
63;72;100
63;167;100
63;198;10
63;246;70
64;70;50
64;167;70
64;198;100
64;247;50
65;68;10
65;167;70
65;198;100
65;248;70
66;66;70
66;167;10
66;168;50
66;198;50
66;249;10
67;64;50
67;167;50
67;198;10
67;250;100
68;62;100
68;165;50
68;199;50
68;251;100
69;60;10
69;165;100
69;199;70
69;252;50
70;58;70
70;165;10
70;199;70
70;253;10
71;56;10
71;165;70
71;166;70
71;199;50
71;254;70
72;54;70
72;165;10
72;199;50
72;255;50
73;52;100
73;163;50
73;200;10
73;256;70
74;50;100
74;163;100
74;200;70
74;257;10
75;48;10
75;163;10
75;200;100
75;258;10
76;46;10
76;163;10
76;164;100
76;200;50
76;259;70
77;44;10
77;163;10
77;200;50
77;260;100
78;42;50
78;161;100
78;201;100
78;261;50
79;40;100
79;161;10
79;201;50
79;262;50
80;38;50
80;161;70
80;201;10
80;263;100
81;36;10
81;161;10
81;162;70
81;201;10
81;264;70
82;34;50
82;161;10
82;201;10
82;265;100
83;32;50
83;159;100
83;202;10
83;266;100
84;30;50
84;159;100
84;202;50
84;267;100
85;28;50
85;159;10
85;202;50
85;268;100
86;26;100
86;159;70
86;160;10
86;202;50
86;269;70
87;24;100
87;159;100
87;202;50
87;270;100
88;22;100
88;157;10
88;203;50
88;271;100
89;20;70
89;157;50
89;203;50
89;272;50
90;18;100
90;157;70
90;203;10
90;273;50
91;16;10
91;157;70
91;158;100
91;203;100
91;274;100
92;14;70
92;157;50
92;203;10
93;12;70
93;155;100
93;204;70
94;10;70
94;155;70
94;204;10
95;8;10
95;155;50
95;204;100
96;6;50
96;155;100
96;156;70
96;204;10
97;4;10
97;155;70
97;204;50
98;2;50
98;153;50
98;205;70
99;0;100
99;153;50
99;205;70
100;153;100
100;205;70
101;153;50
101;154;50
101;205;10
102;153;10
102;205;100
103;151;10
103;206;50
104;151;10
104;206;70
105;151;10
105;206;10
106;151;100
106;152;50
106;206;50
107;151;70
107;206;70
108;149;50
108;207;10
109;149;100
109;207;50
110;149;100
110;207;50
111;149;10
111;150;70
111;207;100
112;149;10
112;207;100
113;147;100
113;208;100
114;147;100
114;208;50
115;147;50
115;208;100
116;147;100
116;148;10
116;208;70
117;147;50
117;208;70
118;145;10
118;209;70
119;145;10
119;209;70
120;145;70
120;209;70
121;145;10
121;146;100
121;209;50
122;145;70
122;209;10
123;143;10
123;210;100
124;143;50
124;210;10
125;143;100
125;210;70
126;143;100
126;144;100
126;210;100
127;143;10
127;210;50
128;141;70
128;211;10
129;141;70
129;211;10
130;141;10
130;211;100
131;141;50
131;142;10
131;211;10
132;141;50
132;211;10
133;139;100
133;212;50
134;139;50
134;212;70
135;139;100
135;212;70
136;139;100
136;140;10
136;212;50
137;139;70
137;212;50
138;137;70
138;213;100
139;137;100
139;213;100
140;137;100
140;213;100
141;137;10
141;138;50
141;213;70
142;137;10
142;213;50
143;135;10
143;214;100
144;135;100
144;214;100
145;135;10
145;214;100
146;135;70
146;136;10
146;214;100
147;135;100
147;214;10
148;133;70
148;215;10
149;133;10
149;215;70
150;133;50
150;215;10
151;133;50
151;134;10
151;215;50
152;133;50
152;215;70
153;131;50
153;216;10
154;131;10
154;216;50
155;131;70
155;216;10
156;131;70
156;216;10
157;131;70
157;132;70
157;216;50
158;131;50
158;216;70
159;129;100
159;217;70
160;129;50
160;217;10
161;129;100
161;217;70
162;129;100
162;217;100
163;129;70
163;130;10
163;217;100
164;129;50
164;217;100
165;127;10
165;218;100
166;127;10
166;218;100
167;127;70
167;218;70
168;127;50
168;218;50
169;127;10
169;128;10
169;218;50
170;127;70
170;218;50
171;125;100
171;219;10
172;125;70
172;219;100
173;125;100
173;219;50
174;125;50
174;219;100
175;125;10
175;126;70
175;219;70
176;125;100
176;219;70
177;123;10
177;220;70
178;123;100
178;220;50
179;123;50
179;220;10
180;123;10
180;220;10
181;123;50
181;124;100
181;220;50
182;123;10
182;220;50
183;121;50
183;221;100
184;121;100
184;221;70
185;121;10
185;221;50
186;121;70
186;221;70
187;121;100
187;122;70
187;221;10
188;121;50
188;221;70
189;119;100
189;222;50
190;119;70
190;222;70
191;119;100
191;222;70
192;119;70
192;222;50
193;119;50
193;120;70
193;222;100
194;119;70
194;222;100
195;117;100
195;223;100
196;117;50
196;223;100
197;117;70
197;223;50
198;117;10
198;223;50
199;117;70
199;118;10
199;223;50
200;117;70
200;223;10
201;115;100
201;224;10
202;115;10
202;224;100
203;115;50
203;224;100
204;115;100
204;224;10
205;115;10
205;116;70
205;224;10
206;115;10
206;224;50
207;113;100
207;225;70
208;113;10
208;225;100
209;113;70
209;225;70
210;113;100
210;225;70
211;113;10
211;114;100
211;225;50
212;113;70
212;225;70
213;111;50
213;226;70
214;111;70
214;226;10
215;111;70
215;226;70
216;111;100
216;226;70
217;111;50
217;112;50
217;226;70
218;111;70
218;226;10
219;109;10
219;227;70
220;109;10
220;227;100
221;109;10
221;227;70
222;109;70
222;227;70
223;109;10
223;110;100
223;227;10
224;109;100
224;227;50
225;107;50
225;228;70
226;107;10
226;228;100
227;107;10
227;228;70
228;107;50
228;228;10
229;107;70
229;108;100
229;228;70
230;107;50
230;228;50
231;105;50
231;229;50
232;105;100
232;229;50
233;105;10
233;229;70
234;105;70
234;229;100
235;105;50
235;106;50
235;229;50
236;105;70
236;229;100
237;103;100
237;230;50
238;103;50
238;230;10
239;103;100
239;230;100
240;103;10
240;230;100
241;103;10
241;104;100
241;230;10
242;103;100
242;230;50
243;101;100
243;231;70
244;101;100
244;231;100
245;101;50
245;231;50
246;101;70
246;231;50
247;101;50
247;102;100
247;231;100
248;101;70
248;231;50
249;99;70
249;232;10
250;99;100
250;232;100
251;99;100
251;232;10
252;99;10
252;232;10
253;99;100
253;100;50
253;232;50
254;99;50
254;232;70
255;97;50
255;233;70
256;97;100
256;233;10
257;97;70
257;233;50
258;97;100
258;233;50
259;97;50
259;98;50
259;233;100
260;97;50
260;233;50
261;95;100
261;234;50
262;95;100
262;234;70
263;95;10
263;234;70
264;95;10
264;234;100
265;95;100
265;96;50
265;234;50
266;95;50
266;234;100
267;93;10
267;235;10
268;93;10
268;235;10
269;93;70
269;235;70
270;93;10
270;235;70
271;93;100
271;94;100
271;235;10
272;93;10
272;235;100
273;91;100
273;236;10
274;91;70
274;236;100
275;91;70
275;236;100
276;91;50
276;236;10
277;91;50
277;92;70
277;236;70
278;91;100
278;236;50
279;89;70
279;237;50
280;89;100
280;237;70
281;89;50
281;237;70
282;89;10
282;237;10
283;89;100
283;90;70
283;237;70
284;89;10
284;237;70
285;87;10
285;238;70
286;87;10
286;238;100
287;87;10
287;238;50
288;87;100
288;238;100
289;87;100
289;88;100
289;238;100
290;87;50
290;238;100
291;85;50
291;239;50
292;85;70
292;239;100
293;85;10
293;239;100
294;85;100
294;239;100
295;85;50
295;86;10
295;239;10
296;85;10
296;239;10
297;83;70
297;240;10
298;83;100
298;240;100
299;83;50
299;240;100
300;83;10
300;240;100
301;83;70
301;84;70
301;240;50
302;83;50
302;240;70
303;81;70
303;241;70
304;81;100
304;241;70
305;81;10
305;241;50
306;81;100
306;241;70
307;81;50
307;82;70
307;241;10
308;81;10
308;241;70
309;79;50
309;242;100
310;79;100
310;242;70
311;79;70
311;242;100
312;79;10
312;242;100
313;79;100
313;80;10
313;242;50
314;79;10
314;242;100
315;77;70
315;243;50
316;77;100
316;243;100
317;77;70
317;243;10
318;77;10
318;243;10
319;77;10
319;78;50
319;243;50
320;77;50
320;243;10
321;75;50
321;244;70
322;75;10
322;244;100
323;75;100
323;244;70
324;75;70
324;244;10
325;75;10
325;76;100
325;244;50
326;75;10
326;244;100
327;73;10
327;245;10
328;73;100
328;245;10
329;73;70
329;245;70
330;73;70
330;245;10
331;73;10
331;74;100
331;245;50
332;73;10
332;245;50
333;71;70
333;246;50
334;71;50
334;246;50
335;71;100
335;246;10
336;71;70
336;246;100
337;71;70
337;72;70
337;246;70
338;71;70
338;246;100
339;69;50
339;247;10
340;69;100
340;247;100
341;69;10
341;247;70
342;69;100
342;247;70
343;69;70
343;70;50
343;247;100
344;69;10
344;247;70
345;67;70
345;248;70
346;67;50
346;248;10
347;67;100
347;248;70
348;67;50
348;248;70
349;67;70
349;68;70
349;248;100
350;67;100
350;248;70
351;65;50
351;249;100
352;65;10
352;249;100
353;65;100
353;249;70
354;65;50
354;249;10
355;65;70
355;66;100
355;249;100
356;65;70
356;249;50
357;63;10
357;250;100
358;63;50
358;250;100
359;63;70
359;250;10
360;63;100
360;250;10
361;63;10
361;64;50
361;250;100
362;63;70
362;250;50
363;61;50
363;251;100
364;61;10
364;251;100
365;61;50
365;251;50
366;61;10
366;251;100
367;61;70
367;62;100
367;251;50
368;61;10
368;251;50
369;59;10
369;252;10
370;59;100
370;252;10
371;59;70
371;252;100
372;59;50
372;252;70
373;59;50
373;60;50
373;252;10
374;59;10
374;252;10
375;57;50
375;253;100
376;57;50
376;253;70
377;57;50
377;253;100
378;57;50
378;253;50
379;57;10
379;58;70
379;253;50
380;57;100
380;253;10
381;55;50
381;254;50
382;55;50
382;254;70
383;55;10
383;254;70
384;55;100
384;254;50
385;55;10
385;56;100
385;254;50
386;55;50
386;254;10
387;53;50
387;255;50
388;53;50
388;255;70
389;53;50
389;255;10
390;53;10
390;255;100
391;53;50
391;54;10
391;255;50
392;53;10
392;255;70
393;51;70
393;256;100
394;51;70
394;256;100
395;51;10
395;256;10
396;51;70
396;256;70
397;51;100
397;52;100
397;256;10
398;51;10
398;256;50
399;49;10
399;257;10
400;49;50
400;257;10
401;49;70
401;257;100
402;49;100
402;257;50
403;49;70
403;50;70
403;257;10
404;49;50
404;257;70
405;47;50
405;258;100
406;47;10
406;258;100
407;47;70
407;258;50
408;47;10
408;258;100
409;47;10
409;48;70
409;258;10
410;47;70
410;258;70
411;45;70
411;259;50
412;45;10
412;259;50
413;45;50
413;259;10
414;45;10
414;259;50
415;45;50
415;46;50
415;259;50
416;45;70
416;259;100
417;43;100
417;260;100
418;43;50
418;260;10
419;43;10
419;260;50
420;43;10
420;260;70
421;43;70
421;44;50
421;260;10
422;43;10
422;260;100
423;41;10
423;261;100
424;41;50
424;261;10
425;41;50
425;261;50
426;41;70
426;261;70
427;41;100
427;42;70
427;261;10
428;41;10
428;261;100
429;39;10
429;262;100
430;39;50
430;262;100
431;39;10
431;262;100
432;39;50
432;262;10
433;39;10
433;40;50
433;262;10
434;39;10
434;262;100
435;37;50
435;263;50
436;37;50
436;263;10
437;37;10
437;263;70
438;37;100
438;263;50
439;37;70
439;38;50
439;263;70
440;37;70
440;263;70
441;35;50
441;264;10
442;35;70
442;264;70
443;35;70
443;264;50
444;35;10
444;264;100
445;35;10
445;36;50
445;264;50
446;35;100
446;264;100
447;33;70
447;265;10
448;33;70
448;265;50
449;33;100
449;265;100
450;33;70
450;265;70
451;33;70
451;34;50
451;265;10
452;33;50
452;265;10
453;31;70
453;266;10
454;31;10
454;266;70
455;31;100
455;266;10
456;31;100
456;266;50
457;31;70
457;32;50
457;266;10
458;31;10
458;266;100
459;29;10
459;267;10
460;29;70
460;267;70
461;29;50
461;267;10
462;29;50
462;267;100
463;29;100
463;30;50
463;267;100
464;29;10
464;267;10
465;27;50
465;268;100
466;27;10
466;268;100
467;27;100
467;268;10
468;27;10
468;268;10
469;27;70
469;28;10
469;268;10
470;27;100
470;268;70
471;25;70
471;269;50
472;25;10
472;269;10
473;25;50
473;269;50
474;25;50
474;269;10
475;25;100
475;26;70
475;269;50
476;25;70
476;269;70
477;23;70
477;270;10
478;23;100
478;270;10
479;23;100
479;270;50
480;23;50
480;270;10
481;23;70
481;24;70
481;270;70
482;23;100
482;270;100
483;21;100
483;271;100
484;21;10
484;271;100
485;21;50
485;271;70
486;21;100
486;271;10
487;21;70
487;22;100
487;271;100
488;21;50
488;271;10
489;19;50
489;272;50
490;19;70
490;272;70
491;19;10
491;272;50
492;19;100
492;272;10
493;19;50
493;20;70
493;272;70
494;19;100
494;272;10
495;17;100
495;273;10
496;17;100
496;273;10
497;17;50
497;273;100
498;17;50
498;273;10
499;17;70
499;18;70
499;273;70
500;17;100
500;273;70
501;15;50
501;274;50
502;15;10
502;274;10
503;15;50
503;274;10
504;15;100
504;274;50
505;15;10
505;16;50
505;274;50
506;15;10
506;274;10
507;13;50
508;13;10
509;13;100
510;13;10
511;13;10
511;14;50
512;13;70
513;11;10
514;11;50
515;11;50
516;11;70
517;11;70
517;12;70
518;11;100
519;9;70
520;9;50
521;9;10
522;9;100
523;9;70
523;10;100
524;9;70
525;7;100
526;7;50
527;7;100
528;7;100
529;7;50
529;8;50
530;7;100
531;5;70
532;5;70
533;5;70
534;5;70
535;5;10
535;6;100
536;5;50
537;3;70
538;3;70
539;3;70
540;3;100
541;3;70
541;4;70
542;3;10
543;1;50
544;1;50
545;1;50
546;1;10
547;1;50
547;2;100
548;1;70
549;0;70
0;0;10
0;1;20
0;2;30
0;3;40
0;4;50
0;5;60
0;6;70
0;7;80
1;0;10
1;1;10
1;2;10
1;3;10
1;4;10
1;5;10
1;6;10
1;7;10
2;0;80
2;1;70
2;2;60
2;3;50
2;4;40
2;5;30
2;6;20
2;7;10
3;0;10
3;1;10
3;2;10
3;3;10
3;4;10
3;5;10
3;6;10
3;7;10
4;0;80
4;1;70
4;2;60
4;3;50
4;4;40
4;5;30
4;6;20
4;7;10
5;0;80
5;1;70
5;2;60
5;3;50
5;4;40
5;5;30
5;6;20
5;7;10
6;0;10
6;1;20
6;2;30
6;3;40
6;4;50
6;5;60
6;6;70
6;7;80
7;0;10
7;1;20
7;2;30
7;3;40
7;4;50
7;5;60
7;6;70
7;7;80
8;0;10
8;1;20
8;2;30
8;3;40
8;4;50
8;5;60
8;6;70
8;7;80
9;0;10
9;1;10
9;2;10
9;3;10
9;4;10
9;5;10
9;6;10
9;7;10
10;0;80
10;1;70
10;2;60
10;3;50
10;4;40
10;5;30
10;6;20
10;7;10
11;0;10
11;1;20
11;2;30
11;3;40
11;4;50
11;5;60
11;6;70
11;7;80
12;0;10
12;1;10
12;2;10
12;3;10
12;4;10
12;5;10
12;6;10
12;7;10
13;0;10
13;1;20
13;2;30
13;3;40
13;4;50
13;5;60
13;6;70
13;7;80
14;0;10
14;1;10
14;2;10
14;3;10
14;4;10
14;5;10
14;6;10
14;7;10
15;0;10
15;1;10
15;2;10
15;3;10
15;4;10
15;5;10
15;6;10
15;7;10
16;0;10
16;1;20
16;2;30
16;3;40
16;4;50
16;5;60
16;6;70
16;7;80
17;0;80
17;1;70
17;2;60
17;3;50
17;4;40
17;5;30
17;6;20
17;7;10
18;0;10
18;1;20
18;2;30
18;3;40
18;4;50
18;5;60
18;6;70
18;7;80
19;0;80
19;1;70
19;2;60
19;3;50
19;4;40
19;5;30
19;6;20
19;7;10
20;0;80
20;1;70
20;2;60
20;3;50
20;4;40
20;5;30
20;6;20
20;7;10
21;0;80
21;1;70
21;2;60
21;3;50
21;4;40
21;5;30
21;6;20
21;7;10
22;0;10
22;1;20
22;2;30
22;3;40
22;4;50
22;5;60
22;6;70
22;7;80
23;0;10
23;1;20
23;2;30
23;3;40
23;4;50
23;5;60
23;6;70
23;7;80
24;0;10
24;1;10
24;2;10
24;3;10
24;4;10
24;5;10
24;6;10
24;7;10
25;0;10
25;1;10
25;2;10
25;3;10
25;4;10
25;5;10
25;6;10
25;7;10
26;0;10
26;1;10
26;2;10
26;3;10
26;4;10
26;5;10
26;6;10
26;7;10
27;0;10
27;1;20
27;2;30
27;3;40
27;4;50
27;5;60
27;6;70
27;7;80
28;0;80
28;1;70
28;2;60
28;3;50
28;4;40
28;5;30
28;6;20
28;7;10
29;0;10
29;1;10
29;2;10
29;3;10
29;4;10
29;5;10
29;6;10
29;7;10
30;0;10
30;1;20
30;2;30
30;3;40
30;4;50
30;5;60
30;6;70
30;7;80
31;0;10
31;1;20
31;2;30
31;3;40
31;4;50
31;5;60
31;6;70
31;7;80
32;0;10
32;1;10
32;2;10
32;3;10
32;4;10
32;5;10
32;6;10
32;7;10
33;0;10
33;1;20
33;2;30
33;3;40
33;4;50
33;5;60
33;6;70
33;7;80
34;0;80
34;1;70
34;2;60
34;3;50
34;4;40
34;5;30
34;6;20
34;7;10
35;0;80
35;1;70
35;2;60
35;3;50
35;4;40
35;5;30
35;6;20
35;7;10
36;0;10
36;1;10
36;2;10
36;3;10
36;4;10
36;5;10
36;6;10
36;7;10
37;0;10
37;1;10
37;2;10
37;3;10
37;4;10
37;5;10
37;6;10
37;7;10
38;0;10
38;1;20
38;2;30
38;3;40
38;4;50
38;5;60
38;6;70
38;7;80
39;0;10
39;1;10
39;2;10
39;3;10
39;4;10
39;5;10
39;6;10
39;7;10
40;0;10
40;1;20
40;2;30
40;3;40
40;4;50
40;5;60
40;6;70
40;7;80
41;0;10
41;1;10
41;2;10
41;3;10
41;4;10
41;5;10
41;6;10
41;7;10
42;0;10
42;1;10
42;2;10
42;3;10
42;4;10
42;5;10
42;6;10
42;7;10
43;0;80
43;1;70
43;2;60
43;3;50
43;4;40
43;5;30
43;6;20
43;7;10
44;0;80
44;1;70
44;2;60
44;3;50
44;4;40
44;5;30
44;6;20
44;7;10
45;0;80
45;1;70
45;2;60
45;3;50
45;4;40
45;5;30
45;6;20
45;7;10
46;0;80
46;1;70
46;2;60
46;3;50
46;4;40
46;5;30
46;6;20
46;7;10
47;0;10
47;1;20
47;2;30
47;3;40
47;4;50
47;5;60
47;6;70
47;7;80
48;0;80
48;1;70
48;2;60
48;3;50
48;4;40
48;5;30
48;6;20
48;7;10
49;0;10
49;1;20
49;2;30
49;3;40
49;4;50
49;5;60
49;6;70
49;7;80
50;0;80
50;1;70
50;2;60
50;3;50
50;4;40
50;5;30
50;6;20
50;7;10
51;0;80
51;1;70
51;2;60
51;3;50
51;4;40
51;5;30
51;6;20
51;7;10
52;0;80
52;1;70
52;2;60
52;3;50
52;4;40
52;5;30
52;6;20
52;7;10
53;0;80
53;1;70
53;2;60
53;3;50
53;4;40
53;5;30
53;6;20
53;7;10
54;0;10
54;1;10
54;2;10
54;3;10
54;4;10
54;5;10
54;6;10
54;7;10
55;0;10
55;1;10
55;2;10
55;3;10
55;4;10
55;5;10
55;6;10
55;7;10
56;0;80
56;1;70
56;2;60
56;3;50
56;4;40
56;5;30
56;6;20
56;7;10
57;0;80
57;1;70
57;2;60
57;3;50
57;4;40
57;5;30
57;6;20
57;7;10
58;0;10
58;1;10
58;2;10
58;3;10
58;4;10
58;5;10
58;6;10
58;7;10
59;0;10
59;1;20
59;2;30
59;3;40
59;4;50
59;5;60
59;6;70
59;7;80
60;0;10
60;1;10
60;2;10
60;3;10
60;4;10
60;5;10
60;6;10
60;7;10
61;0;10
61;1;20
61;2;30
61;3;40
61;4;50
61;5;60
61;6;70
61;7;80
62;0;10
62;1;10
62;2;10
62;3;10
62;4;10
62;5;10
62;6;10
62;7;10
63;0;10
63;1;20
63;2;30
63;3;40
63;4;50
63;5;60
63;6;70
63;7;80
64;0;10
64;1;10
64;2;10
64;3;10
64;4;10
64;5;10
64;6;10
64;7;10
65;0;10
65;1;20
65;2;30
65;3;40
65;4;50
65;5;60
65;6;70
65;7;80
66;0;80
66;1;70
66;2;60
66;3;50
66;4;40
66;5;30
66;6;20
66;7;10
67;0;10
67;1;20
67;2;30
67;3;40
67;4;50
67;5;60
67;6;70
67;7;80
68;0;10
68;1;10
68;2;10
68;3;10
68;4;10
68;5;10
68;6;10
68;7;10
69;0;10
69;1;20
69;2;30
69;3;40
69;4;50
69;5;60
69;6;70
69;7;80
70;0;80
70;1;70
70;2;60
70;3;50
70;4;40
70;5;30
70;6;20
70;7;10
71;0;80
71;1;70
71;2;60
71;3;50
71;4;40
71;5;30
71;6;20
71;7;10
72;0;80
72;1;70
72;2;60
72;3;50
72;4;40
72;5;30
72;6;20
72;7;10
73;0;80
73;1;70
73;2;60
73;3;50
73;4;40
73;5;30
73;6;20
73;7;10
74;0;80
74;1;70
74;2;60
74;3;50
74;4;40
74;5;30
74;6;20
74;7;10
75;0;10
75;1;10
75;2;10
75;3;10
75;4;10
75;5;10
75;6;10
75;7;10
76;0;80
76;1;70
76;2;60
76;3;50
76;4;40
76;5;30
76;6;20
76;7;10
77;0;10
77;1;20
77;2;30
77;3;40
77;4;50
77;5;60
77;6;70
77;7;80
78;0;10
78;1;20
78;2;30
78;3;40
78;4;50
78;5;60
78;6;70
78;7;80
79;0;10
79;1;20
79;2;30
79;3;40
79;4;50
79;5;60
79;6;70
79;7;80
80;0;10
80;1;20
80;2;30
80;3;40
80;4;50
80;5;60
80;6;70
80;7;80
81;0;10
81;1;10
81;2;10
81;3;10
81;4;10
81;5;10
81;6;10
81;7;10
82;0;10
82;1;20
82;2;30
82;3;40
82;4;50
82;5;60
82;6;70
82;7;80
83;0;10
83;1;20
83;2;30
83;3;40
83;4;50
83;5;60
83;6;70
83;7;80
84;0;10
84;1;10
84;2;10
84;3;10
84;4;10
84;5;10
84;6;10
84;7;10
85;0;10
85;1;10
85;2;10
85;3;10
85;4;10
85;5;10
85;6;10
85;7;10
86;0;10
86;1;20
86;2;30
86;3;40
86;4;50
86;5;60
86;6;70
86;7;80
87;0;80
87;1;70
87;2;60
87;3;50
87;4;40
87;5;30
87;6;20
87;7;10
88;0;10
88;1;10
88;2;10
88;3;10
88;4;10
88;5;10
88;6;10
88;7;10
89;0;10
89;1;10
89;2;10
89;3;10
89;4;10
89;5;10
89;6;10
89;7;10
90;0;80
90;1;70
90;2;60
90;3;50
90;4;40
90;5;30
90;6;20
90;7;10
91;0;80
91;1;70
91;2;60
91;3;50
91;4;40
91;5;30
91;6;20
91;7;10
92;0;10
92;1;10
92;2;10
92;3;10
92;4;10
92;5;10
92;6;10
92;7;10
93;0;10
93;1;10
93;2;10
93;3;10
93;4;10
93;5;10
93;6;10
93;7;10
94;0;10
94;1;20
94;2;30
94;3;40
94;4;50
94;5;60
94;6;70
94;7;80
95;0;10
95;1;20
95;2;30
95;3;40
95;4;50
95;5;60
95;6;70
95;7;80
96;0;10
96;1;20
96;2;30
96;3;40
96;4;50
96;5;60
96;6;70
96;7;80
97;0;10
97;1;10
97;2;10
97;3;10
97;4;10
97;5;10
97;6;10
97;7;10
98;0;10
98;1;20
98;2;30
98;3;40
98;4;50
98;5;60
98;6;70
98;7;80
99;0;10
99;1;10
99;2;10
99;3;10
99;4;10
99;5;10
99;6;10
99;7;10
100;0;80
100;1;70
100;2;60
100;3;50
100;4;40
100;5;30
100;6;20
100;7;10
101;0;10
101;1;20
101;2;30
101;3;40
101;4;50
101;5;60
101;6;70
101;7;80
102;0;10
102;1;20
102;2;30
102;3;40
102;4;50
102;5;60
102;6;70
102;7;80
103;0;10
103;1;10
103;2;10
103;3;10
103;4;10
103;5;10
103;6;10
103;7;10
104;0;10
104;1;10
104;2;10
104;3;10
104;4;10
104;5;10
104;6;10
104;7;10
105;0;10
105;1;10
105;2;10
105;3;10
105;4;10
105;5;10
105;6;10
105;7;10
106;0;80
106;1;70
106;2;60
106;3;50
106;4;40
106;5;30
106;6;20
106;7;10
107;0;80
107;1;70
107;2;60
107;3;50
107;4;40
107;5;30
107;6;20
107;7;10
108;0;10
108;1;10
108;2;10
108;3;10
108;4;10
108;5;10
108;6;10
108;7;10
109;0;10
109;1;20
109;2;30
109;3;40
109;4;50
109;5;60
109;6;70
109;7;80
110;0;10
110;1;10
110;2;10
110;3;10
110;4;10
110;5;10
110;6;10
110;7;10
111;0;10
111;1;20
111;2;30
111;3;40
111;4;50
111;5;60
111;6;70
111;7;80
112;0;80
112;1;70
112;2;60
112;3;50
112;4;40
112;5;30
112;6;20
112;7;10
113;0;10
113;1;20
113;2;30
113;3;40
113;4;50
113;5;60
113;6;70
113;7;80
114;0;10
114;1;20
114;2;30
114;3;40
114;4;50
114;5;60
114;6;70
114;7;80
115;0;80
115;1;70
115;2;60
115;3;50
115;4;40
115;5;30
115;6;20
115;7;10
116;0;80
116;1;70
116;2;60
116;3;50
116;4;40
116;5;30
116;6;20
116;7;10
117;0;80
117;1;70
117;2;60
117;3;50
117;4;40
117;5;30
117;6;20
117;7;10
118;0;10
118;1;20
118;2;30
118;3;40
118;4;50
118;5;60
118;6;70
118;7;80
119;0;80
119;1;70
119;2;60
119;3;50
119;4;40
119;5;30
119;6;20
119;7;10
120;0;10
120;1;10
120;2;10
120;3;10
120;4;10
120;5;10
120;6;10
120;7;10
121;0;10
121;1;20
121;2;30
121;3;40
121;4;50
121;5;60
121;6;70
121;7;80
122;0;10
122;1;20
122;2;30
122;3;40
122;4;50
122;5;60
122;6;70
122;7;80
123;0;80
123;1;70
123;2;60
123;3;50
123;4;40
123;5;30
123;6;20
123;7;10
124;0;10
124;1;20
124;2;30
124;3;40
124;4;50
124;5;60
124;6;70
124;7;80
125;0;10
125;1;10
125;2;10
125;3;10
125;4;10
125;5;10
125;6;10
125;7;10
126;0;10
126;1;20
126;2;30
126;3;40
126;4;50
126;5;60
126;6;70
126;7;80
127;0;10
127;1;20
127;2;30
127;3;40
127;4;50
127;5;60
127;6;70
127;7;80
128;0;10
128;1;10
128;2;10
128;3;10
128;4;10
128;5;10
128;6;10
128;7;10
129;0;80
129;1;70
129;2;60
129;3;50
129;4;40
129;5;30
129;6;20
129;7;10
130;0;10
130;1;10
130;2;10
130;3;10
130;4;10
130;5;10
130;6;10
130;7;10
131;0;80
131;1;70
131;2;60
131;3;50
131;4;40
131;5;30
131;6;20
131;7;10
132;0;10
132;1;20
132;2;30
132;3;40
132;4;50
132;5;60
132;6;70
132;7;80
133;0;10
133;1;10
133;2;10
133;3;10
133;4;10
133;5;10
133;6;10
133;7;10
134;0;10
134;1;10
134;2;10
134;3;10
134;4;10
134;5;10
134;6;10
134;7;10
135;0;80
135;1;70
135;2;60
135;3;50
135;4;40
135;5;30
135;6;20
135;7;10
136;0;10
136;1;20
136;2;30
136;3;40
136;4;50
136;5;60
136;6;70
136;7;80
137;0;10
137;1;20
137;2;30
137;3;40
137;4;50
137;5;60
137;6;70
137;7;80
138;0;10
138;1;10
138;2;10
138;3;10
138;4;10
138;5;10
138;6;10
138;7;10
139;0;80
139;1;70
139;2;60
139;3;50
139;4;40
139;5;30
139;6;20
139;7;10
140;0;80
140;1;70
140;2;60
140;3;50
140;4;40
140;5;30
140;6;20
140;7;10
141;0;10
141;1;10
141;2;10
141;3;10
141;4;10
141;5;10
141;6;10
141;7;10
142;0;10
142;1;20
142;2;30
142;3;40
142;4;50
142;5;60
142;6;70
142;7;80
143;0;80
143;1;70
143;2;60
143;3;50
143;4;40
143;5;30
143;6;20
143;7;10
144;0;10
144;1;10
144;2;10
144;3;10
144;4;10
144;5;10
144;6;10
144;7;10
145;0;10
145;1;10
145;2;10
145;3;10
145;4;10
145;5;10
145;6;10
145;7;10
146;0;80
146;1;70
146;2;60
146;3;50
146;4;40
146;5;30
146;6;20
146;7;10
147;0;10
147;1;20
147;2;30
147;3;40
147;4;50
147;5;60
147;6;70
147;7;80
148;0;10
148;1;10
148;2;10
148;3;10
148;4;10
148;5;10
148;6;10
148;7;10
149;0;80
149;1;70
149;2;60
149;3;50
149;4;40
149;5;30
149;6;20
149;7;10
150;0;80
150;1;70
150;2;60
150;3;50
150;4;40
150;5;30
150;6;20
150;7;10
151;0;80
151;1;70
151;2;60
151;3;50
151;4;40
151;5;30
151;6;20
151;7;10
152;0;10
152;1;10
152;2;10
152;3;10
152;4;10
152;5;10
152;6;10
152;7;10
153;0;10
153;1;10
153;2;10
153;3;10
153;4;10
153;5;10
153;6;10
153;7;10
154;0;80
154;1;70
154;2;60
154;3;50
154;4;40
154;5;30
154;6;20
154;7;10
155;0;10
155;1;10
155;2;10
155;3;10
155;4;10
155;5;10
155;6;10
155;7;10
156;0;10
156;1;20
156;2;30
156;3;40
156;4;50
156;5;60
156;6;70
156;7;80
157;0;80
157;1;70
157;2;60
157;3;50
157;4;40
157;5;30
157;6;20
157;7;10
158;0;80
158;1;70
158;2;60
158;3;50
158;4;40
158;5;30
158;6;20
158;7;10
159;0;10
159;1;20
159;2;30
159;3;40
159;4;50
159;5;60
159;6;70
159;7;80
160;0;10
160;1;10
160;2;10
160;3;10
160;4;10
160;5;10
160;6;10
160;7;10
161;0;80
161;1;70
161;2;60
161;3;50
161;4;40
161;5;30
161;6;20
161;7;10
162;0;10
162;1;20
162;2;30
162;3;40
162;4;50
162;5;60
162;6;70
162;7;80
163;0;10
163;1;10
163;2;10
163;3;10
163;4;10
163;5;10
163;6;10
163;7;10
164;0;10
164;1;10
164;2;10
164;3;10
164;4;10
164;5;10
164;6;10
164;7;10
165;0;10
165;1;10
165;2;10
165;3;10
165;4;10
165;5;10
165;6;10
165;7;10
166;0;10
166;1;10
166;2;10
166;3;10
166;4;10
166;5;10
166;6;10
166;7;10
167;0;10
167;1;10
167;2;10
167;3;10
167;4;10
167;5;10
167;6;10
167;7;10
168;0;10
168;1;10
168;2;10
168;3;10
168;4;10
168;5;10
168;6;10
168;7;10
169;0;80
169;1;70
169;2;60
169;3;50
169;4;40
169;5;30
169;6;20
169;7;10
170;0;80
170;1;70
170;2;60
170;3;50
170;4;40
170;5;30
170;6;20
170;7;10
171;0;10
171;1;20
171;2;30
171;3;40
171;4;50
171;5;60
171;6;70
171;7;80
172;0;80
172;1;70
172;2;60
172;3;50
172;4;40
172;5;30
172;6;20
172;7;10
173;0;10
173;1;20
173;2;30
173;3;40
173;4;50
173;5;60
173;6;70
173;7;80
174;0;10
174;1;20
174;2;30
174;3;40
174;4;50
174;5;60
174;6;70
174;7;80
175;0;10
175;1;20
175;2;30
175;3;40
175;4;50
175;5;60
175;6;70
175;7;80
176;0;10
176;1;20
176;2;30
176;3;40
176;4;50
176;5;60
176;6;70
176;7;80
177;0;80
177;1;70
177;2;60
177;3;50
177;4;40
177;5;30
177;6;20
177;7;10
178;0;10
178;1;20
178;2;30
178;3;40
178;4;50
178;5;60
178;6;70
178;7;80
179;0;10
179;1;20
179;2;30
179;3;40
179;4;50
179;5;60
179;6;70
179;7;80
180;0;10
180;1;10
180;2;10
180;3;10
180;4;10
180;5;10
180;6;10
180;7;10
181;0;10
181;1;10
181;2;10
181;3;10
181;4;10
181;5;10
181;6;10
181;7;10
182;0;10
182;1;10
182;2;10
182;3;10
182;4;10
182;5;10
182;6;10
182;7;10
183;0;10
183;1;10
183;2;10
183;3;10
183;4;10
183;5;10
183;6;10
183;7;10
184;0;10
184;1;10
184;2;10
184;3;10
184;4;10
184;5;10
184;6;10
184;7;10
185;0;10
185;1;10
185;2;10
185;3;10
185;4;10
185;5;10
185;6;10
185;7;10
186;0;10
186;1;20
186;2;30
186;3;40
186;4;50
186;5;60
186;6;70
186;7;80
187;0;80
187;1;70
187;2;60
187;3;50
187;4;40
187;5;30
187;6;20
187;7;10
188;0;10
188;1;20
188;2;30
188;3;40
188;4;50
188;5;60
188;6;70
188;7;80
189;0;10
189;1;10
189;2;10
189;3;10
189;4;10
189;5;10
189;6;10
189;7;10
190;0;10
190;1;10
190;2;10
190;3;10
190;4;10
190;5;10
190;6;10
190;7;10
191;0;10
191;1;20
191;2;30
191;3;40
191;4;50
191;5;60
191;6;70
191;7;80
192;0;10
192;1;10
192;2;10
192;3;10
192;4;10
192;5;10
192;6;10
192;7;10
193;0;10
193;1;10
193;2;10
193;3;10
193;4;10
193;5;10
193;6;10
193;7;10
194;0;10
194;1;10
194;2;10
194;3;10
194;4;10
194;5;10
194;6;10
194;7;10
195;0;10
195;1;20
195;2;30
195;3;40
195;4;50
195;5;60
195;6;70
195;7;80
196;0;10
196;1;10
196;2;10
196;3;10
196;4;10
196;5;10
196;6;10
196;7;10
197;0;80
197;1;70
197;2;60
197;3;50
197;4;40
197;5;30
197;6;20
197;7;10
198;0;10
198;1;10
198;2;10
198;3;10
198;4;10
198;5;10
198;6;10
198;7;10
199;0;10
199;1;10
199;2;10
199;3;10
199;4;10
199;5;10
199;6;10
199;7;10
200;0;10
200;1;20
200;2;30
200;3;40
200;4;50
200;5;60
200;6;70
200;7;80
201;0;10
201;1;20
201;2;30
201;3;40
201;4;50
201;5;60
201;6;70
201;7;80
202;0;10
202;1;10
202;2;10
202;3;10
202;4;10
202;5;10
202;6;10
202;7;10
203;0;10
203;1;20
203;2;30
203;3;40
203;4;50
203;5;60
203;6;70
203;7;80
204;0;10
204;1;10
204;2;10
204;3;10
204;4;10
204;5;10
204;6;10
204;7;10
205;0;10
205;1;10
205;2;10
205;3;10
205;4;10
205;5;10
205;6;10
205;7;10
206;0;80
206;1;70
206;2;60
206;3;50
206;4;40
206;5;30
206;6;20
206;7;10
207;0;10
207;1;20
207;2;30
207;3;40
207;4;50
207;5;60
207;6;70
207;7;80
208;0;10
208;1;10
208;2;10
208;3;10
208;4;10
208;5;10
208;6;10
208;7;10
209;0;10
209;1;20
209;2;30
209;3;40
209;4;50
209;5;60
209;6;70
209;7;80
210;0;10
210;1;10
210;2;10
210;3;10
210;4;10
210;5;10
210;6;10
210;7;10
211;0;80
211;1;70
211;2;60
211;3;50
211;4;40
211;5;30
211;6;20
211;7;10
212;0;80
212;1;70
212;2;60
212;3;50
212;4;40
212;5;30
212;6;20
212;7;10
213;0;10
213;1;10
213;2;10
213;3;10
213;4;10
213;5;10
213;6;10
213;7;10
214;0;10
214;1;10
214;2;10
214;3;10
214;4;10
214;5;10
214;6;10
214;7;10
215;0;10
215;1;10
215;2;10
215;3;10
215;4;10
215;5;10
215;6;10
215;7;10
216;0;10
216;1;20
216;2;30
216;3;40
216;4;50
216;5;60
216;6;70
216;7;80
217;0;10
217;1;20
217;2;30
217;3;40
217;4;50
217;5;60
217;6;70
217;7;80
218;0;10
218;1;20
218;2;30
218;3;40
218;4;50
218;5;60
218;6;70
218;7;80
219;0;10
219;1;10
219;2;10
219;3;10
219;4;10
219;5;10
219;6;10
219;7;10
220;0;10
220;1;20
220;2;30
220;3;40
220;4;50
220;5;60
220;6;70
220;7;80
221;0;10
221;1;20
221;2;30
221;3;40
221;4;50
221;5;60
221;6;70
221;7;80
222;0;10
222;1;20
222;2;30
222;3;40
222;4;50
222;5;60
222;6;70
222;7;80
223;0;80
223;1;70
223;2;60
223;3;50
223;4;40
223;5;30
223;6;20
223;7;10
224;0;10
224;1;10
224;2;10
224;3;10
224;4;10
224;5;10
224;6;10
224;7;10
225;0;10
225;1;10
225;2;10
225;3;10
225;4;10
225;5;10
225;6;10
225;7;10
226;0;10
226;1;10
226;2;10
226;3;10
226;4;10
226;5;10
226;6;10
226;7;10
227;0;10
227;1;20
227;2;30
227;3;40
227;4;50
227;5;60
227;6;70
227;7;80
228;0;10
228;1;20
228;2;30
228;3;40
228;4;50
228;5;60
228;6;70
228;7;80
229;0;10
229;1;20
229;2;30
229;3;40
229;4;50
229;5;60
229;6;70
229;7;80
230;0;10
230;1;10
230;2;10
230;3;10
230;4;10
230;5;10
230;6;10
230;7;10
231;0;10
231;1;20
231;2;30
231;3;40
231;4;50
231;5;60
231;6;70
231;7;80
232;0;10
232;1;20
232;2;30
232;3;40
232;4;50
232;5;60
232;6;70
232;7;80
233;0;10
233;1;10
233;2;10
233;3;10
233;4;10
233;5;10
233;6;10
233;7;10
234;0;10
234;1;20
234;2;30
234;3;40
234;4;50
234;5;60
234;6;70
234;7;80
235;0;10
235;1;10
235;2;10
235;3;10
235;4;10
235;5;10
235;6;10
235;7;10
236;0;10
236;1;20
236;2;30
236;3;40
236;4;50
236;5;60
236;6;70
236;7;80
237;0;10
237;1;10
237;2;10
237;3;10
237;4;10
237;5;10
237;6;10
237;7;10
238;0;10
238;1;20
238;2;30
238;3;40
238;4;50
238;5;60
238;6;70
238;7;80
239;0;10
239;1;20
239;2;30
239;3;40
239;4;50
239;5;60
239;6;70
239;7;80
240;0;10
240;1;20
240;2;30
240;3;40
240;4;50
240;5;60
240;6;70
240;7;80
241;0;80
241;1;70
241;2;60
241;3;50
241;4;40
241;5;30
241;6;20
241;7;10
242;0;10
242;1;20
242;2;30
242;3;40
242;4;50
242;5;60
242;6;70
242;7;80
243;0;10
243;1;20
243;2;30
243;3;40
243;4;50
243;5;60
243;6;70
243;7;80
244;0;10
244;1;20
244;2;30
244;3;40
244;4;50
244;5;60
244;6;70
244;7;80
245;0;10
245;1;20
245;2;30
245;3;40
245;4;50
245;5;60
245;6;70
245;7;80
246;0;10
246;1;20
246;2;30
246;3;40
246;4;50
246;5;60
246;6;70
246;7;80
247;0;10
247;1;20
247;2;30
247;3;40
247;4;50
247;5;60
247;6;70
247;7;80
248;0;10
248;1;20
248;2;30
248;3;40
248;4;50
248;5;60
248;6;70
248;7;80
249;0;10
249;1;10
249;2;10
249;3;10
249;4;10
249;5;10
249;6;10
249;7;10
250;0;80
250;1;70
250;2;60
250;3;50
250;4;40
250;5;30
250;6;20
250;7;10
251;0;10
251;1;10
251;2;10
251;3;10
251;4;10
251;5;10
251;6;10
251;7;10
252;0;10
252;1;20
252;2;30
252;3;40
252;4;50
252;5;60
252;6;70
252;7;80
253;0;10
253;1;10
253;2;10
253;3;10
253;4;10
253;5;10
253;6;10
253;7;10
254;0;10
254;1;10
254;2;10
254;3;10
254;4;10
254;5;10
254;6;10
254;7;10
255;0;10
255;1;20
255;2;30
255;3;40
255;4;50
255;5;60
255;6;70
255;7;80
256;0;10
256;1;20
256;2;30
256;3;40
256;4;50
256;5;60
256;6;70
256;7;80
257;0;10
257;1;10
257;2;10
257;3;10
257;4;10
257;5;10
257;6;10
257;7;10
258;0;80
258;1;70
258;2;60
258;3;50
258;4;40
258;5;30
258;6;20
258;7;10
259;0;80
259;1;70
259;2;60
259;3;50
259;4;40
259;5;30
259;6;20
259;7;10
260;0;80
260;1;70
260;2;60
260;3;50
260;4;40
260;5;30
260;6;20
260;7;10
261;0;10
261;1;20
261;2;30
261;3;40
261;4;50
261;5;60
261;6;70
261;7;80
262;0;80
262;1;70
262;2;60
262;3;50
262;4;40
262;5;30
262;6;20
262;7;10
263;0;10
263;1;20
263;2;30
263;3;40
263;4;50
263;5;60
263;6;70
263;7;80
264;0;10
264;1;10
264;2;10
264;3;10
264;4;10
264;5;10
264;6;10
264;7;10
265;0;10
265;1;20
265;2;30
265;3;40
265;4;50
265;5;60
265;6;70
265;7;80
266;0;10
266;1;10
266;2;10
266;3;10
266;4;10
266;5;10
266;6;10
266;7;10
267;0;80
267;1;70
267;2;60
267;3;50
267;4;40
267;5;30
267;6;20
267;7;10
268;0;80
268;1;70
268;2;60
268;3;50
268;4;40
268;5;30
268;6;20
268;7;10
269;0;80
269;1;70
269;2;60
269;3;50
269;4;40
269;5;30
269;6;20
269;7;10
270;0;80
270;1;70
270;2;60
270;3;50
270;4;40
270;5;30
270;6;20
270;7;10
271;0;10
271;1;20
271;2;30
271;3;40
271;4;50
271;5;60
271;6;70
271;7;80
272;0;80
272;1;70
272;2;60
272;3;50
272;4;40
272;5;30
272;6;20
272;7;10
273;0;10
273;1;20
273;2;30
273;3;40
273;4;50
273;5;60
273;6;70
273;7;80
274;0;10
274;1;20
274;2;30
274;3;40
274;4;50
274;5;60
274;6;70
274;7;80
275;0;10
275;1;20
275;2;30
275;3;40
275;4;50
275;5;60
275;6;70
275;7;80
276;0;80
276;1;70
276;2;60
276;3;50
276;4;40
276;5;30
276;6;20
276;7;10
277;0;80
277;1;70
277;2;60
277;3;50
277;4;40
277;5;30
277;6;20
277;7;10
278;0;10
278;1;20
278;2;30
278;3;40
278;4;50
278;5;60
278;6;70
278;7;80
279;0;80
279;1;70
279;2;60
279;3;50
279;4;40
279;5;30
279;6;20
279;7;10
280;0;10
280;1;10
280;2;10
280;3;10
280;4;10
280;5;10
280;6;10
280;7;10
281;0;10
281;1;20
281;2;30
281;3;40
281;4;50
281;5;60
281;6;70
281;7;80
282;0;80
282;1;70
282;2;60
282;3;50
282;4;40
282;5;30
282;6;20
282;7;10
283;0;10
283;1;20
283;2;30
283;3;40
283;4;50
283;5;60
283;6;70
283;7;80
284;0;10
284;1;10
284;2;10
284;3;10
284;4;10
284;5;10
284;6;10
284;7;10
285;0;10
285;1;20
285;2;30
285;3;40
285;4;50
285;5;60
285;6;70
285;7;80
286;0;80
286;1;70
286;2;60
286;3;50
286;4;40
286;5;30
286;6;20
286;7;10
287;0;10
287;1;20
287;2;30
287;3;40
287;4;50
287;5;60
287;6;70
287;7;80
288;0;10
288;1;20
288;2;30
288;3;40
288;4;50
288;5;60
288;6;70
288;7;80
289;0;80
289;1;70
289;2;60
289;3;50
289;4;40
289;5;30
289;6;20
289;7;10
290;0;10
290;1;20
290;2;30
290;3;40
290;4;50
290;5;60
290;6;70
290;7;80
291;0;80
291;1;70
291;2;60
291;3;50
291;4;40
291;5;30
291;6;20
291;7;10
292;0;10
292;1;10
292;2;10
292;3;10
292;4;10
292;5;10
292;6;10
292;7;10
293;0;80
293;1;70
293;2;60
293;3;50
293;4;40
293;5;30
293;6;20
293;7;10
294;0;10
294;1;20
294;2;30
294;3;40
294;4;50
294;5;60
294;6;70
294;7;80
295;0;10
295;1;20
295;2;30
295;3;40
295;4;50
295;5;60
295;6;70
295;7;80
296;0;80
296;1;70
296;2;60
296;3;50
296;4;40
296;5;30
296;6;20
296;7;10
297;0;10
297;1;20
297;2;30
297;3;40
297;4;50
297;5;60
297;6;70
297;7;80
298;0;10
298;1;10
298;2;10
298;3;10
298;4;10
298;5;10
298;6;10
298;7;10
299;0;10
299;1;20
299;2;30
299;3;40
299;4;50
299;5;60
299;6;70
299;7;80
300;0;10
300;1;10
300;2;10
300;3;10
300;4;10
300;5;10
300;6;10
300;7;10
301;0;10
301;1;10
301;2;10
301;3;10
301;4;10
301;5;10
301;6;10
301;7;10
302;0;10
302;1;10
302;2;10
302;3;10
302;4;10
302;5;10
302;6;10
302;7;10
303;0;10
303;1;20
303;2;30
303;3;40
303;4;50
303;5;60
303;6;70
303;7;80
304;0;10
304;1;10
304;2;10
304;3;10
304;4;10
304;5;10
304;6;10
304;7;10
305;0;10
305;1;20
305;2;30
305;3;40
305;4;50
305;5;60
305;6;70
305;7;80
306;0;80
306;1;70
306;2;60
306;3;50
306;4;40
306;5;30
306;6;20
306;7;10
307;0;10
307;1;20
307;2;30
307;3;40
307;4;50
307;5;60
307;6;70
307;7;80
308;0;80
308;1;70
308;2;60
308;3;50
308;4;40
308;5;30
308;6;20
308;7;10
309;0;10
309;1;10
309;2;10
309;3;10
309;4;10
309;5;10
309;6;10
309;7;10
310;0;10
310;1;10
310;2;10
310;3;10
310;4;10
310;5;10
310;6;10
310;7;10
311;0;10
311;1;10
311;2;10
311;3;10
311;4;10
311;5;10
311;6;10
311;7;10
312;0;10
312;1;20
312;2;30
312;3;40
312;4;50
312;5;60
312;6;70
312;7;80
313;0;80
313;1;70
313;2;60
313;3;50
313;4;40
313;5;30
313;6;20
313;7;10
314;0;10
314;1;20
314;2;30
314;3;40
314;4;50
314;5;60
314;6;70
314;7;80
315;0;80
315;1;70
315;2;60
315;3;50
315;4;40
315;5;30
315;6;20
315;7;10
316;0;10
316;1;10
316;2;10
316;3;10
316;4;10
316;5;10
316;6;10
316;7;10
317;0;10
317;1;10
317;2;10
317;3;10
317;4;10
317;5;10
317;6;10
317;7;10
318;0;10
318;1;10
318;2;10
318;3;10
318;4;10
318;5;10
318;6;10
318;7;10
319;0;80
319;1;70
319;2;60
319;3;50
319;4;40
319;5;30
319;6;20
319;7;10
320;0;80
320;1;70
320;2;60
320;3;50
320;4;40
320;5;30
320;6;20
320;7;10
321;0;80
321;1;70
321;2;60
321;3;50
321;4;40
321;5;30
321;6;20
321;7;10
322;0;80
322;1;70
322;2;60
322;3;50
322;4;40
322;5;30
322;6;20
322;7;10
323;0;10
323;1;20
323;2;30
323;3;40
323;4;50
323;5;60
323;6;70
323;7;80
324;0;10
324;1;20
324;2;30
324;3;40
324;4;50
324;5;60
324;6;70
324;7;80
325;0;10
325;1;20
325;2;30
325;3;40
325;4;50
325;5;60
325;6;70
325;7;80
326;0;10
326;1;10
326;2;10
326;3;10
326;4;10
326;5;10
326;6;10
326;7;10
327;0;10
327;1;10
327;2;10
327;3;10
327;4;10
327;5;10
327;6;10
327;7;10
328;0;10
328;1;20
328;2;30
328;3;40
328;4;50
328;5;60
328;6;70
328;7;80
329;0;10
329;1;20
329;2;30
329;3;40
329;4;50
329;5;60
329;6;70
329;7;80
330;0;10
330;1;20
330;2;30
330;3;40
330;4;50
330;5;60
330;6;70
330;7;80
331;0;10
331;1;20
331;2;30
331;3;40
331;4;50
331;5;60
331;6;70
331;7;80
332;0;10
332;1;20
332;2;30
332;3;40
332;4;50
332;5;60
332;6;70
332;7;80
333;0;10
333;1;20
333;2;30
333;3;40
333;4;50
333;5;60
333;6;70
333;7;80
334;0;10
334;1;10
334;2;10
334;3;10
334;4;10
334;5;10
334;6;10
334;7;10
335;0;80
335;1;70
335;2;60
335;3;50
335;4;40
335;5;30
335;6;20
335;7;10
336;0;10
336;1;20
336;2;30
336;3;40
336;4;50
336;5;60
336;6;70
336;7;80
337;0;10
337;1;20
337;2;30
337;3;40
337;4;50
337;5;60
337;6;70
337;7;80
338;0;10
338;1;20
338;2;30
338;3;40
338;4;50
338;5;60
338;6;70
338;7;80
339;0;10
339;1;10
339;2;10
339;3;10
339;4;10
339;5;10
339;6;10
339;7;10
340;0;10
340;1;10
340;2;10
340;3;10
340;4;10
340;5;10
340;6;10
340;7;10
341;0;10
341;1;20
341;2;30
341;3;40
341;4;50
341;5;60
341;6;70
341;7;80
342;0;80
342;1;70
342;2;60
342;3;50
342;4;40
342;5;30
342;6;20
342;7;10
343;0;10
343;1;10
343;2;10
343;3;10
343;4;10
343;5;10
343;6;10
343;7;10
344;0;10
344;1;10
344;2;10
344;3;10
344;4;10
344;5;10
344;6;10
344;7;10
345;0;10
345;1;20
345;2;30
345;3;40
345;4;50
345;5;60
345;6;70
345;7;80
346;0;80
346;1;70
346;2;60
346;3;50
346;4;40
346;5;30
346;6;20
346;7;10
347;0;10
347;1;10
347;2;10
347;3;10
347;4;10
347;5;10
347;6;10
347;7;10
348;0;80
348;1;70
348;2;60
348;3;50
348;4;40
348;5;30
348;6;20
348;7;10
349;0;80
349;1;70
349;2;60
349;3;50
349;4;40
349;5;30
349;6;20
349;7;10
350;0;80
350;1;70
350;2;60
350;3;50
350;4;40
350;5;30
350;6;20
350;7;10
351;0;80
351;1;70
351;2;60
351;3;50
351;4;40
351;5;30
351;6;20
351;7;10
352;0;80
352;1;70
352;2;60
352;3;50
352;4;40
352;5;30
352;6;20
352;7;10
353;0;10
353;1;20
353;2;30
353;3;40
353;4;50
353;5;60
353;6;70
353;7;80
354;0;10
354;1;20
354;2;30
354;3;40
354;4;50
354;5;60
354;6;70
354;7;80
355;0;10
355;1;20
355;2;30
355;3;40
355;4;50
355;5;60
355;6;70
355;7;80
356;0;10
356;1;20
356;2;30
356;3;40
356;4;50
356;5;60
356;6;70
356;7;80
357;0;10
357;1;20
357;2;30
357;3;40
357;4;50
357;5;60
357;6;70
357;7;80
358;0;80
358;1;70
358;2;60
358;3;50
358;4;40
358;5;30
358;6;20
358;7;10
359;0;80
359;1;70
359;2;60
359;3;50
359;4;40
359;5;30
359;6;20
359;7;10
360;0;10
360;1;10
360;2;10
360;3;10
360;4;10
360;5;10
360;6;10
360;7;10
361;0;10
361;1;10
361;2;10
361;3;10
361;4;10
361;5;10
361;6;10
361;7;10
362;0;10
362;1;10
362;2;10
362;3;10
362;4;10
362;5;10
362;6;10
362;7;10
363;0;10
363;1;10
363;2;10
363;3;10
363;4;10
363;5;10
363;6;10
363;7;10
364;0;10
364;1;10
364;2;10
364;3;10
364;4;10
364;5;10
364;6;10
364;7;10
365;0;10
365;1;10
365;2;10
365;3;10
365;4;10
365;5;10
365;6;10
365;7;10
366;0;80
366;1;70
366;2;60
366;3;50
366;4;40
366;5;30
366;6;20
366;7;10
367;0;10
367;1;10
367;2;10
367;3;10
367;4;10
367;5;10
367;6;10
367;7;10
368;0;10
368;1;20
368;2;30
368;3;40
368;4;50
368;5;60
368;6;70
368;7;80
369;0;10
369;1;10
369;2;10
369;3;10
369;4;10
369;5;10
369;6;10
369;7;10
370;0;10
370;1;10
370;2;10
370;3;10
370;4;10
370;5;10
370;6;10
370;7;10
371;0;10
371;1;10
371;2;10
371;3;10
371;4;10
371;5;10
371;6;10
371;7;10
372;0;10
372;1;10
372;2;10
372;3;10
372;4;10
372;5;10
372;6;10
372;7;10
373;0;10
373;1;10
373;2;10
373;3;10
373;4;10
373;5;10
373;6;10
373;7;10
374;0;80
374;1;70
374;2;60
374;3;50
374;4;40
374;5;30
374;6;20
374;7;10
375;0;80
375;1;70
375;2;60
375;3;50
375;4;40
375;5;30
375;6;20
375;7;10
376;0;10
376;1;10
376;2;10
376;3;10
376;4;10
376;5;10
376;6;10
376;7;10
377;0;80
377;1;70
377;2;60
377;3;50
377;4;40
377;5;30
377;6;20
377;7;10
378;0;80
378;1;70
378;2;60
378;3;50
378;4;40
378;5;30
378;6;20
378;7;10
379;0;80
379;1;70
379;2;60
379;3;50
379;4;40
379;5;30
379;6;20
379;7;10
380;0;10
380;1;10
380;2;10
380;3;10
380;4;10
380;5;10
380;6;10
380;7;10
381;0;80
381;1;70
381;2;60
381;3;50
381;4;40
381;5;30
381;6;20
381;7;10
382;0;10
382;1;10
382;2;10
382;3;10
382;4;10
382;5;10
382;6;10
382;7;10
383;0;10
383;1;10
383;2;10
383;3;10
383;4;10
383;5;10
383;6;10
383;7;10
384;0;80
384;1;70
384;2;60
384;3;50
384;4;40
384;5;30
384;6;20
384;7;10
385;0;10
385;1;20
385;2;30
385;3;40
385;4;50
385;5;60
385;6;70
385;7;80
386;0;80
386;1;70
386;2;60
386;3;50
386;4;40
386;5;30
386;6;20
386;7;10
387;0;10
387;1;10
387;2;10
387;3;10
387;4;10
387;5;10
387;6;10
387;7;10
388;0;10
388;1;20
388;2;30
388;3;40
388;4;50
388;5;60
388;6;70
388;7;80
389;0;10
389;1;10
389;2;10
389;3;10
389;4;10
389;5;10
389;6;10
389;7;10
390;0;10
390;1;10
390;2;10
390;3;10
390;4;10
390;5;10
390;6;10
390;7;10
391;0;10
391;1;10
391;2;10
391;3;10
391;4;10
391;5;10
391;6;10
391;7;10
392;0;10
392;1;10
392;2;10
392;3;10
392;4;10
392;5;10
392;6;10
392;7;10
393;0;80
393;1;70
393;2;60
393;3;50
393;4;40
393;5;30
393;6;20
393;7;10
394;0;10
394;1;10
394;2;10
394;3;10
394;4;10
394;5;10
394;6;10
394;7;10
395;0;10
395;1;10
395;2;10
395;3;10
395;4;10
395;5;10
395;6;10
395;7;10
396;0;80
396;1;70
396;2;60
396;3;50
396;4;40
396;5;30
396;6;20
396;7;10
397;0;80
397;1;70
397;2;60
397;3;50
397;4;40
397;5;30
397;6;20
397;7;10
398;0;80
398;1;70
398;2;60
398;3;50
398;4;40
398;5;30
398;6;20
398;7;10
399;0;10
399;1;20
399;2;30
399;3;40
399;4;50
399;5;60
399;6;70
399;7;80
400;0;80
400;1;70
400;2;60
400;3;50
400;4;40
400;5;30
400;6;20
400;7;10
401;0;80
401;1;70
401;2;60
401;3;50
401;4;40
401;5;30
401;6;20
401;7;10
402;0;10
402;1;10
402;2;10
402;3;10
402;4;10
402;5;10
402;6;10
402;7;10
403;0;10
403;1;10
403;2;10
403;3;10
403;4;10
403;5;10
403;6;10
403;7;10
404;0;10
404;1;10
404;2;10
404;3;10
404;4;10
404;5;10
404;6;10
404;7;10
405;0;10
405;1;20
405;2;30
405;3;40
405;4;50
405;5;60
405;6;70
405;7;80
406;0;10
406;1;20
406;2;30
406;3;40
406;4;50
406;5;60
406;6;70
406;7;80
407;0;80
407;1;70
407;2;60
407;3;50
407;4;40
407;5;30
407;6;20
407;7;10
408;0;10
408;1;20
408;2;30
408;3;40
408;4;50
408;5;60
408;6;70
408;7;80
409;0;10
409;1;10
409;2;10
409;3;10
409;4;10
409;5;10
409;6;10
409;7;10
410;0;10
410;1;20
410;2;30
410;3;40
410;4;50
410;5;60
410;6;70
410;7;80
411;0;10
411;1;20
411;2;30
411;3;40
411;4;50
411;5;60
411;6;70
411;7;80
412;0;10
412;1;10
412;2;10
412;3;10
412;4;10
412;5;10
412;6;10
412;7;10
413;0;10
413;1;10
413;2;10
413;3;10
413;4;10
413;5;10
413;6;10
413;7;10
414;0;80
414;1;70
414;2;60
414;3;50
414;4;40
414;5;30
414;6;20
414;7;10
415;0;10
415;1;20
415;2;30
415;3;40
415;4;50
415;5;60
415;6;70
415;7;80
416;0;80
416;1;70
416;2;60
416;3;50
416;4;40
416;5;30
416;6;20
416;7;10
417;0;10
417;1;10
417;2;10
417;3;10
417;4;10
417;5;10
417;6;10
417;7;10
418;0;10
418;1;20
418;2;30
418;3;40
418;4;50
418;5;60
418;6;70
418;7;80
419;0;10
419;1;20
419;2;30
419;3;40
419;4;50
419;5;60
419;6;70
419;7;80
420;0;80
420;1;70
420;2;60
420;3;50
420;4;40
420;5;30
420;6;20
420;7;10
421;0;10
421;1;20
421;2;30
421;3;40
421;4;50
421;5;60
421;6;70
421;7;80
422;0;10
422;1;10
422;2;10
422;3;10
422;4;10
422;5;10
422;6;10
422;7;10
423;0;80
423;1;70
423;2;60
423;3;50
423;4;40
423;5;30
423;6;20
423;7;10
424;0;10
424;1;20
424;2;30
424;3;40
424;4;50
424;5;60
424;6;70
424;7;80
425;0;10
425;1;20
425;2;30
425;3;40
425;4;50
425;5;60
425;6;70
425;7;80
426;0;80
426;1;70
426;2;60
426;3;50
426;4;40
426;5;30
426;6;20
426;7;10
427;0;80
427;1;70
427;2;60
427;3;50
427;4;40
427;5;30
427;6;20
427;7;10
428;0;10
428;1;20
428;2;30
428;3;40
428;4;50
428;5;60
428;6;70
428;7;80
429;0;10
429;1;20
429;2;30
429;3;40
429;4;50
429;5;60
429;6;70
429;7;80
430;0;10
430;1;10
430;2;10
430;3;10
430;4;10
430;5;10
430;6;10
430;7;10
431;0;80
431;1;70
431;2;60
431;3;50
431;4;40
431;5;30
431;6;20
431;7;10
432;0;10
432;1;10
432;2;10
432;3;10
432;4;10
432;5;10
432;6;10
432;7;10
433;0;80
433;1;70
433;2;60
433;3;50
433;4;40
433;5;30
433;6;20
433;7;10
434;0;10
434;1;20
434;2;30
434;3;40
434;4;50
434;5;60
434;6;70
434;7;80
435;0;80
435;1;70
435;2;60
435;3;50
435;4;40
435;5;30
435;6;20
435;7;10
436;0;80
436;1;70
436;2;60
436;3;50
436;4;40
436;5;30
436;6;20
436;7;10
437;0;80
437;1;70
437;2;60
437;3;50
437;4;40
437;5;30
437;6;20
437;7;10
438;0;80
438;1;70
438;2;60
438;3;50
438;4;40
438;5;30
438;6;20
438;7;10
439;0;80
439;1;70
439;2;60
439;3;50
439;4;40
439;5;30
439;6;20
439;7;10
440;0;10
440;1;20
440;2;30
440;3;40
440;4;50
440;5;60
440;6;70
440;7;80
441;0;10
441;1;20
441;2;30
441;3;40
441;4;50
441;5;60
441;6;70
441;7;80
442;0;10
442;1;20
442;2;30
442;3;40
442;4;50
442;5;60
442;6;70
442;7;80
443;0;10
443;1;20
443;2;30
443;3;40
443;4;50
443;5;60
443;6;70
443;7;80
444;0;10
444;1;20
444;2;30
444;3;40
444;4;50
444;5;60
444;6;70
444;7;80
445;0;10
445;1;20
445;2;30
445;3;40
445;4;50
445;5;60
445;6;70
445;7;80
446;0;80
446;1;70
446;2;60
446;3;50
446;4;40
446;5;30
446;6;20
446;7;10
447;0;10
447;1;20
447;2;30
447;3;40
447;4;50
447;5;60
447;6;70
447;7;80
448;0;10
448;1;10
448;2;10
448;3;10
448;4;10
448;5;10
448;6;10
448;7;10
449;0;10
449;1;20
449;2;30
449;3;40
449;4;50
449;5;60
449;6;70
449;7;80
450;0;10
450;1;10
450;2;10
450;3;10
450;4;10
450;5;10
450;6;10
450;7;10
451;0;10
451;1;10
451;2;10
451;3;10
451;4;10
451;5;10
451;6;10
451;7;10
452;0;10
452;1;20
452;2;30
452;3;40
452;4;50
452;5;60
452;6;70
452;7;80
453;0;10
453;1;10
453;2;10
453;3;10
453;4;10
453;5;10
453;6;10
453;7;10
454;0;10
454;1;10
454;2;10
454;3;10
454;4;10
454;5;10
454;6;10
454;7;10
455;0;10
455;1;20
455;2;30
455;3;40
455;4;50
455;5;60
455;6;70
455;7;80
456;0;80
456;1;70
456;2;60
456;3;50
456;4;40
456;5;30
456;6;20
456;7;10
457;0;10
457;1;20
457;2;30
457;3;40
457;4;50
457;5;60
457;6;70
457;7;80
458;0;10
458;1;20
458;2;30
458;3;40
458;4;50
458;5;60
458;6;70
458;7;80
459;0;10
459;1;20
459;2;30
459;3;40
459;4;50
459;5;60
459;6;70
459;7;80
460;0;10
460;1;10
460;2;10
460;3;10
460;4;10
460;5;10
460;6;10
460;7;10
461;0;10
461;1;10
461;2;10
461;3;10
461;4;10
461;5;10
461;6;10
461;7;10
462;0;10
462;1;10
462;2;10
462;3;10
462;4;10
462;5;10
462;6;10
462;7;10
463;0;10
463;1;10
463;2;10
463;3;10
463;4;10
463;5;10
463;6;10
463;7;10
464;0;10
464;1;20
464;2;30
464;3;40
464;4;50
464;5;60
464;6;70
464;7;80
465;0;80
465;1;70
465;2;60
465;3;50
465;4;40
465;5;30
465;6;20
465;7;10
466;0;10
466;1;10
466;2;10
466;3;10
466;4;10
466;5;10
466;6;10
466;7;10
467;0;10
467;1;10
467;2;10
467;3;10
467;4;10
467;5;10
467;6;10
467;7;10
468;0;10
468;1;20
468;2;30
468;3;40
468;4;50
468;5;60
468;6;70
468;7;80
469;0;10
469;1;20
469;2;30
469;3;40
469;4;50
469;5;60
469;6;70
469;7;80
470;0;10
470;1;10
470;2;10
470;3;10
470;4;10
470;5;10
470;6;10
470;7;10
471;0;10
471;1;10
471;2;10
471;3;10
471;4;10
471;5;10
471;6;10
471;7;10
472;0;10
472;1;10
472;2;10
472;3;10
472;4;10
472;5;10
472;6;10
472;7;10
473;0;10
473;1;20
473;2;30
473;3;40
473;4;50
473;5;60
473;6;70
473;7;80
474;0;10
474;1;10
474;2;10
474;3;10
474;4;10
474;5;10
474;6;10
474;7;10
475;0;10
475;1;20
475;2;30
475;3;40
475;4;50
475;5;60
475;6;70
475;7;80
476;0;10
476;1;20
476;2;30
476;3;40
476;4;50
476;5;60
476;6;70
476;7;80
477;0;10
477;1;20
477;2;30
477;3;40
477;4;50
477;5;60
477;6;70
477;7;80
478;0;80
478;1;70
478;2;60
478;3;50
478;4;40
478;5;30
478;6;20
478;7;10
479;0;10
479;1;10
479;2;10
479;3;10
479;4;10
479;5;10
479;6;10
479;7;10
480;0;80
480;1;70
480;2;60
480;3;50
480;4;40
480;5;30
480;6;20
480;7;10
481;0;10
481;1;10
481;2;10
481;3;10
481;4;10
481;5;10
481;6;10
481;7;10
482;0;80
482;1;70
482;2;60
482;3;50
482;4;40
482;5;30
482;6;20
482;7;10
483;0;10
483;1;10
483;2;10
483;3;10
483;4;10
483;5;10
483;6;10
483;7;10
484;0;80
484;1;70
484;2;60
484;3;50
484;4;40
484;5;30
484;6;20
484;7;10
485;0;80
485;1;70
485;2;60
485;3;50
485;4;40
485;5;30
485;6;20
485;7;10
486;0;10
486;1;20
486;2;30
486;3;40
486;4;50
486;5;60
486;6;70
486;7;80
487;0;10
487;1;10
487;2;10
487;3;10
487;4;10
487;5;10
487;6;10
487;7;10
488;0;10
488;1;10
488;2;10
488;3;10
488;4;10
488;5;10
488;6;10
488;7;10
489;0;10
489;1;20
489;2;30
489;3;40
489;4;50
489;5;60
489;6;70
489;7;80
490;0;10
490;1;20
490;2;30
490;3;40
490;4;50
490;5;60
490;6;70
490;7;80
491;0;10
491;1;10
491;2;10
491;3;10
491;4;10
491;5;10
491;6;10
491;7;10
492;0;80
492;1;70
492;2;60
492;3;50
492;4;40
492;5;30
492;6;20
492;7;10
493;0;80
493;1;70
493;2;60
493;3;50
493;4;40
493;5;30
493;6;20
493;7;10
494;0;10
494;1;10
494;2;10
494;3;10
494;4;10
494;5;10
494;6;10
494;7;10
495;0;10
495;1;10
495;2;10
495;3;10
495;4;10
495;5;10
495;6;10
495;7;10
496;0;10
496;1;20
496;2;30
496;3;40
496;4;50
496;5;60
496;6;70
496;7;80
497;0;80
497;1;70
497;2;60
497;3;50
497;4;40
497;5;30
497;6;20
497;7;10
498;0;10
498;1;20
498;2;30
498;3;40
498;4;50
498;5;60
498;6;70
498;7;80
499;0;10
499;1;10
499;2;10
499;3;10
499;4;10
499;5;10
499;6;10
499;7;10
500;0;10
500;1;10
500;2;10
500;3;10
500;4;10
500;5;10
500;6;10
500;7;10
501;0;10
501;1;20
501;2;30
501;3;40
501;4;50
501;5;60
501;6;70
501;7;80
502;0;10
502;1;10
502;2;10
502;3;10
502;4;10
502;5;10
502;6;10
502;7;10
503;0;10
503;1;10
503;2;10
503;3;10
503;4;10
503;5;10
503;6;10
503;7;10
504;0;10
504;1;20
504;2;30
504;3;40
504;4;50
504;5;60
504;6;70
504;7;80
505;0;10
505;1;10
505;2;10
505;3;10
505;4;10
505;5;10
505;6;10
505;7;10
506;0;10
506;1;20
506;2;30
506;3;40
506;4;50
506;5;60
506;6;70
506;7;80
507;0;10
507;1;20
507;2;30
507;3;40
507;4;50
507;5;60
507;6;70
507;7;80
508;0;80
508;1;70
508;2;60
508;3;50
508;4;40
508;5;30
508;6;20
508;7;10
509;0;10
509;1;10
509;2;10
509;3;10
509;4;10
509;5;10
509;6;10
509;7;10
510;0;80
510;1;70
510;2;60
510;3;50
510;4;40
510;5;30
510;6;20
510;7;10
511;0;80
511;1;70
511;2;60
511;3;50
511;4;40
511;5;30
511;6;20
511;7;10
512;0;80
512;1;70
512;2;60
512;3;50
512;4;40
512;5;30
512;6;20
512;7;10
513;0;10
513;1;20
513;2;30
513;3;40
513;4;50
513;5;60
513;6;70
513;7;80
514;0;10
514;1;20
514;2;30
514;3;40
514;4;50
514;5;60
514;6;70
514;7;80
515;0;10
515;1;10
515;2;10
515;3;10
515;4;10
515;5;10
515;6;10
515;7;10
516;0;10
516;1;10
516;2;10
516;3;10
516;4;10
516;5;10
516;6;10
516;7;10
517;0;80
517;1;70
517;2;60
517;3;50
517;4;40
517;5;30
517;6;20
517;7;10
518;0;10
518;1;20
518;2;30
518;3;40
518;4;50
518;5;60
518;6;70
518;7;80
519;0;10
519;1;10
519;2;10
519;3;10
519;4;10
519;5;10
519;6;10
519;7;10
520;0;10
520;1;20
520;2;30
520;3;40
520;4;50
520;5;60
520;6;70
520;7;80
521;0;10
521;1;10
521;2;10
521;3;10
521;4;10
521;5;10
521;6;10
521;7;10
522;0;10
522;1;20
522;2;30
522;3;40
522;4;50
522;5;60
522;6;70
522;7;80
523;0;10
523;1;20
523;2;30
523;3;40
523;4;50
523;5;60
523;6;70
523;7;80
524;0;80
524;1;70
524;2;60
524;3;50
524;4;40
524;5;30
524;6;20
524;7;10
525;0;10
525;1;10
525;2;10
525;3;10
525;4;10
525;5;10
525;6;10
525;7;10
526;0;10
526;1;10
526;2;10
526;3;10
526;4;10
526;5;10
526;6;10
526;7;10
527;0;10
527;1;10
527;2;10
527;3;10
527;4;10
527;5;10
527;6;10
527;7;10
528;0;80
528;1;70
528;2;60
528;3;50
528;4;40
528;5;30
528;6;20
528;7;10
529;0;10
529;1;10
529;2;10
529;3;10
529;4;10
529;5;10
529;6;10
529;7;10
530;0;80
530;1;70
530;2;60
530;3;50
530;4;40
530;5;30
530;6;20
530;7;10
531;0;10
531;1;20
531;2;30
531;3;40
531;4;50
531;5;60
531;6;70
531;7;80
532;0;80
532;1;70
532;2;60
532;3;50
532;4;40
532;5;30
532;6;20
532;7;10
533;0;10
533;1;10
533;2;10
533;3;10
533;4;10
533;5;10
533;6;10
533;7;10
534;0;10
534;1;20
534;2;30
534;3;40
534;4;50
534;5;60
534;6;70
534;7;80
535;0;80
535;1;70
535;2;60
535;3;50
535;4;40
535;5;30
535;6;20
535;7;10
536;0;80
536;1;70
536;2;60
536;3;50
536;4;40
536;5;30
536;6;20
536;7;10
537;0;10
537;1;20
537;2;30
537;3;40
537;4;50
537;5;60
537;6;70
537;7;80
538;0;10
538;1;20
538;2;30
538;3;40
538;4;50
538;5;60
538;6;70
538;7;80
539;0;10
539;1;10
539;2;10
539;3;10
539;4;10
539;5;10
539;6;10
539;7;10
540;0;80
540;1;70
540;2;60
540;3;50
540;4;40
540;5;30
540;6;20
540;7;10
541;0;10
541;1;20
541;2;30
541;3;40
541;4;50
541;5;60
541;6;70
541;7;80
542;0;10
542;1;20
542;2;30
542;3;40
542;4;50
542;5;60
542;6;70
542;7;80
543;0;10
543;1;20
543;2;30
543;3;40
543;4;50
543;5;60
543;6;70
543;7;80
544;0;80
544;1;70
544;2;60
544;3;50
544;4;40
544;5;30
544;6;20
544;7;10
545;0;80
545;1;70
545;2;60
545;3;50
545;4;40
545;5;30
545;6;20
545;7;10
546;0;80
546;1;70
546;2;60
546;3;50
546;4;40
546;5;30
546;6;20
546;7;10
547;0;10
547;1;20
547;2;30
547;3;40
547;4;50
547;5;60
547;6;70
547;7;80
548;0;10
548;1;20
548;2;30
548;3;40
548;4;50
548;5;60
548;6;70
548;7;80
549;0;10
549;1;10
549;2;10
549;3;10
549;4;10
549;5;10
549;6;10
549;7;10
