50;25;89
0;17;10
1;17;50
1;18;50
2;17;100
2;19;10
3;18;10
3;20;70
4;18;10
4;21;10
5;15;100
5;18;50
5;22;50
6;13;100
6;19;70
6;23;100
7;11;70
7;19;10
7;24;10
8;9;100
8;19;50
9;7;50
9;20;10
10;5;10
10;20;100
11;3;10
11;20;50
12;1;10
12;20;70
13;16;100
13;21;10
14;16;50
14;21;70
15;16;50
15;21;70
16;16;100
16;21;50
17;14;10
17;22;100
18;14;100
18;22;70
19;14;10
19;15;50
19;22;100
20;14;70
20;22;10
21;12;100
21;23;50
22;12;10
22;23;50
23;12;50
23;13;10
23;23;10
24;12;100
24;23;70
25;10;70
25;24;50
26;10;10
26;24;50
27;10;100
27;11;100
27;24;100
28;10;100
28;24;100
29;8;10
30;8;70
31;8;100
31;9;10
32;8;10
33;6;100
34;6;10
35;6;70
36;6;70
36;7;70
37;6;100
38;4;70
39;4;50
40;4;50
41;4;10
41;5;50
42;4;10
43;2;70
44;2;50
45;2;10
46;2;100
46;3;100
47;2;70
48;0;100
48;1;100
49;0;10
0;0;80
0;1;70
0;2;60
0;3;50
0;4;40
0;5;30
0;6;20
0;7;10
1;0;10
1;1;10
1;2;10
1;3;10
1;4;10
1;5;10
1;6;10
1;7;10
2;0;10
2;1;20
2;2;30
2;3;40
2;4;50
2;5;60
2;6;70
2;7;80
3;0;80
3;1;70
3;2;60
3;3;50
3;4;40
3;5;30
3;6;20
3;7;10
4;0;80
4;1;70
4;2;60
4;3;50
4;4;40
4;5;30
4;6;20
4;7;10
5;0;10
5;1;20
5;2;30
5;3;40
5;4;50
5;5;60
5;6;70
5;7;80
6;0;80
6;1;70
6;2;60
6;3;50
6;4;40
6;5;30
6;6;20
6;7;10
7;0;10
7;1;10
7;2;10
7;3;10
7;4;10
7;5;10
7;6;10
7;7;10
8;0;10
8;1;10
8;2;10
8;3;10
8;4;10
8;5;10
8;6;10
8;7;10
9;0;10
9;1;20
9;2;30
9;3;40
9;4;50
9;5;60
9;6;70
9;7;80
10;0;10
10;1;10
10;2;10
10;3;10
10;4;10
10;5;10
10;6;10
10;7;10
11;0;80
11;1;70
11;2;60
11;3;50
11;4;40
11;5;30
11;6;20
11;7;10
12;0;80
12;1;70
12;2;60
12;3;50
12;4;40
12;5;30
12;6;20
12;7;10
13;0;10
13;1;20
13;2;30
13;3;40
13;4;50
13;5;60
13;6;70
13;7;80
14;0;10
14;1;10
14;2;10
14;3;10
14;4;10
14;5;10
14;6;10
14;7;10
15;0;10
15;1;10
15;2;10
15;3;10
15;4;10
15;5;10
15;6;10
15;7;10
16;0;80
16;1;70
16;2;60
16;3;50
16;4;40
16;5;30
16;6;20
16;7;10
17;0;10
17;1;10
17;2;10
17;3;10
17;4;10
17;5;10
17;6;10
17;7;10
18;0;10
18;1;10
18;2;10
18;3;10
18;4;10
18;5;10
18;6;10
18;7;10
19;0;80
19;1;70
19;2;60
19;3;50
19;4;40
19;5;30
19;6;20
19;7;10
20;0;10
20;1;10
20;2;10
20;3;10
20;4;10
20;5;10
20;6;10
20;7;10
21;0;10
21;1;10
21;2;10
21;3;10
21;4;10
21;5;10
21;6;10
21;7;10
22;0;80
22;1;70
22;2;60
22;3;50
22;4;40
22;5;30
22;6;20
22;7;10
23;0;10
23;1;20
23;2;30
23;3;40
23;4;50
23;5;60
23;6;70
23;7;80
24;0;10
24;1;10
24;2;10
24;3;10
24;4;10
24;5;10
24;6;10
24;7;10
25;0;10
25;1;20
25;2;30
25;3;40
25;4;50
25;5;60
25;6;70
25;7;80
26;0;10
26;1;20
26;2;30
26;3;40
26;4;50
26;5;60
26;6;70
26;7;80
27;0;10
27;1;20
27;2;30
27;3;40
27;4;50
27;5;60
27;6;70
27;7;80
28;0;10
28;1;20
28;2;30
28;3;40
28;4;50
28;5;60
28;6;70
28;7;80
29;0;10
29;1;10
29;2;10
29;3;10
29;4;10
29;5;10
29;6;10
29;7;10
30;0;10
30;1;10
30;2;10
30;3;10
30;4;10
30;5;10
30;6;10
30;7;10
31;0;80
31;1;70
31;2;60
31;3;50
31;4;40
31;5;30
31;6;20
31;7;10
32;0;10
32;1;20
32;2;30
32;3;40
32;4;50
32;5;60
32;6;70
32;7;80
33;0;10
33;1;10
33;2;10
33;3;10
33;4;10
33;5;10
33;6;10
33;7;10
34;0;80
34;1;70
34;2;60
34;3;50
34;4;40
34;5;30
34;6;20
34;7;10
35;0;80
35;1;70
35;2;60
35;3;50
35;4;40
35;5;30
35;6;20
35;7;10
36;0;10
36;1;20
36;2;30
36;3;40
36;4;50
36;5;60
36;6;70
36;7;80
37;0;80
37;1;70
37;2;60
37;3;50
37;4;40
37;5;30
37;6;20
37;7;10
38;0;10
38;1;20
38;2;30
38;3;40
38;4;50
38;5;60
38;6;70
38;7;80
39;0;10
39;1;10
39;2;10
39;3;10
39;4;10
39;5;10
39;6;10
39;7;10
40;0;10
40;1;20
40;2;30
40;3;40
40;4;50
40;5;60
40;6;70
40;7;80
41;0;80
41;1;70
41;2;60
41;3;50
41;4;40
41;5;30
41;6;20
41;7;10
42;0;80
42;1;70
42;2;60
42;3;50
42;4;40
42;5;30
42;6;20
42;7;10
43;0;80
43;1;70
43;2;60
43;3;50
43;4;40
43;5;30
43;6;20
43;7;10
44;0;10
44;1;10
44;2;10
44;3;10
44;4;10
44;5;10
44;6;10
44;7;10
45;0;10
45;1;20
45;2;30
45;3;40
45;4;50
45;5;60
45;6;70
45;7;80
46;0;80
46;1;70
46;2;60
46;3;50
46;4;40
46;5;30
46;6;20
46;7;10
47;0;10
47;1;10
47;2;10
47;3;10
47;4;10
47;5;10
47;6;10
47;7;10
48;0;10
48;1;10
48;2;10
48;3;10
48;4;10
48;5;10
48;6;10
48;7;10
49;0;10
49;1;20
49;2;30
49;3;40
49;4;50
49;5;60
49;6;70
49;7;80
